28.4
28.6
29.2
37.0
36.4
35.8
35.8
36.0
36.4
36.5
29.9
30.0
30.5
30.4
44.7
31.4
31.2
31.0
30.9
30.8
30.7
30.7
30.8
30.7
30.1
29.5
29.1
28.6
28.4
28.0
27.7
27.5
27.3
27.1
36.1
25.7
26.0
26.5
26.5
26.6
26.7
26.7
26.7
26.7
26.7
26.7
26.7
26.9
26.9
26.8
26.8
26.8
26.8
26.8
26.8
26.8
26.8
26.8
26.8
26.8
26.8
26.8
26.8
26.8
26.8
26.9
27.1
27.1
27.1
27.0
27.0
27.0
26.9
26.9
26.9
26.8
26.8
26.8
26.8
26.9
26.8
26.8
26.8
26.7
26.8
26.8
26.8
26.8
26.8
26.7
26.8
26.9
26.8
26.8
26.8
26.7
26.7
26.7
26.7
26.6
26.6
26.6
26.6
26.6
26.6
26.7
26.7
26.7
26.6
26.7
26.6
26.6
26.6
27.0
26.9
26.8
26.8
26.8
26.7
26.7
26.7
26.7
26.6
26.6
26.6
26.6
26.6
26.6
26.6
26.5
26.5
26.6
26.6
26.6
26.6
26.6
26.6
26.6
26.6
26.6
26.6
26.6
26.6
26.6
26.6
26.6
26.6
26.5
26.8
26.7
26.7
26.8
26.8
26.7
26.8
26.8
26.7
26.7
26.7
26.7
26.7
26.7
26.7
26.7
26.6
26.7
26.7
26.7
26.7
26.7
26.7
26.7
26.7
26.6
26.6
26.6
26.6
26.6
26.6
26.6
26.6
26.6
26.6
26.6
26.6
26.5
26.6
26.6
26.6
26.6
26.6
26.9
26.9
26.8
26.8
26.7
26.7
26.7
26.7
26.8
27.0
27.0
27.2
27.1
27.0
27.0
26.9
26.9
26.8
26.7
26.7
26.7
26.7
26.7
26.6
26.6
26.6
26.6
26.6
26.6
26.5
26.6
26.6
26.6
26.9
27.3
27.2
27.1
27.0
26.9
26.8
26.8
26.8
26.7
26.7
26.7
26.7
26.7
26.6
26.7
26.6
26.7
26.6
26.6
26.6
26.6
26.6
26.5
26.6
26.6
26.6
26.6
26.5
26.5
26.5
26.5
26.5
26.5
26.5
26.5
26.6
26.5
26.5
26.5
26.7
26.7
26.7
26.8
26.9
26.8
34.9
34.9
26.4
26.3
26.5
26.5
26.7
27.0
26.9
26.9
26.9
26.8
26.8
26.8
26.7
26.8
26.7
26.7
26.7
26.7
26.7
26.7
26.7
26.7
26.6
26.6
26.6
26.7
26.7
26.7
26.6
26.6
26.6
26.6
26.7
26.7
26.6
26.6
26.6
26.7
26.7
26.6
26.6
26.6
26.6
26.6
26.6
26.6
26.6
26.6
27.2
27.1
27.0
26.9
26.8
26.8
26.8
26.7
26.7
26.6
26.6
26.6
26.6
26.5
26.5
26.6
26.6
26.6
26.5
26.5
26.5
26.5
26.6
26.5
26.5
26.5
26.5
26.5
26.5
26.5
26.5
26.5
26.5
26.6
26.6
26.6
26.6
26.6
26.7
26.6
26.6
26.6
26.6
26.6
27.0
26.9
26.8
26.8
26.7
26.7
26.7
26.7
26.6
26.5
26.6
26.5
26.5
26.5
26.5
26.5
26.5
26.5
26.5
26.5
26.5
26.5
26.5
26.5
26.5
26.5
26.5
26.5
26.6
26.5
26.6
26.6
26.6
26.5
26.5
26.5
26.5
26.5
26.5
26.5
26.4
26.5
26.5
26.5
26.5
26.5
26.5
26.5
26.5
26.5
26.5
26.5
26.5
26.5
26.5
26.4
26.4
26.5
26.6
26.6
26.6
26.5
26.5
26.5
26.6
26.6
26.6
26.5
26.6
26.6
26.6
26.5
26.5
26.5
26.5
26.5
26.5
26.5
26.5
26.5
26.4
26.4
26.4
26.4
26.4
26.5
26.5
26.5
26.5
26.5
26.4
26.4
26.5
26.5
26.5
26.5
26.4
26.4
26.4
26.5
26.5
26.4
26.4
26.4
26.4
26.4
26.4
26.4
26.4
26.4
26.4
26.4
26.4
26.5
26.5
26.5
26.5
26.4
26.4
26.5
26.5
26.5
26.4
26.5
26.5
26.5
26.5
26.4
26.4
26.5
26.5
26.5
26.5
26.6
26.8
26.8
26.7
26.7
26.6
26.6
26.6
26.6
26.6
26.6
26.5
26.5
26.6
26.5
26.5
26.6
26.8
26.8
27.0
27.0
26.9
26.9
26.8
26.8
26.8
26.7
26.7
26.7
26.6
26.7
26.7
26.7
26.6
26.6
26.6
26.6
26.6
26.5
26.5
26.5
26.5
26.5
26.5
26.5
26.5
26.5
26.5
26.5
26.5
26.5
26.5
26.5
26.5
26.5
26.5
26.5
26.8
26.7
26.7
26.7
26.7
26.7
26.7
26.6
26.6
26.5
26.6
26.6
26.5
26.5
26.5
26.5
26.4
26.4
26.4
26.4
26.4
26.4
26.4
26.4
26.4
26.4
26.4
26.4
26.4
26.4
26.4
26.4
26.4
26.5
26.4
26.4
26.4
26.4
26.4
26.4
26.5
26.5
26.5
26.4
26.5
26.4
26.4
26.4
26.4
26.4
26.4
26.5
26.5
26.5
26.5
26.4
26.4
26.5
26.5
26.5
26.4
26.5
26.4
26.5
26.5
26.5
26.5
26.5
26.5
26.5
26.5
26.5
26.5
26.5
26.5
26.5
26.5
26.4
26.4
26.4
26.4
26.4
26.4
26.4
26.4
26.4
26.4
26.4
26.4
26.4
26.4
26.4
26.3
26.4
26.4
26.3
26.4
26.4
26.3
26.4
26.4
26.4
26.4
26.4
26.4
26.4
26.4
26.4
26.4
26.4
26.4
26.4
26.4
26.4
26.4
26.4
26.4
26.4
26.4
26.4
26.5
26.4
26.5
26.5
26.5
26.5
26.5
26.5
26.5
26.5
26.4
26.4
26.5
26.5
26.4
26.5
26.5
26.5
26.5
26.5
26.5
26.5
26.5
26.5
26.5
26.5
26.5
26.5
26.5
26.5
26.5
26.5
26.5
26.5
26.5
26.5
26.5
26.5
26.5
26.5
26.5
26.4
26.4
26.5
26.5
26.5
26.5
26.5
26.5
26.5
26.5
26.5
26.5
26.5
26.6
26.6
26.6
26.5
26.5
26.5
26.5
26.5
26.5
26.5
26.5
26.6
26.6
26.5
26.5
26.5
26.5
26.5
26.5
26.5
26.5
26.5
26.5
26.5
26.4
26.6
26.6
26.6
26.5
26.5
26.5
26.5
26.5
26.5
26.4
26.4
26.4
26.4
26.4
26.4
26.4
26.4
26.4
26.5
26.5
26.5
26.5
26.5
26.6
26.5
26.5
26.5
26.5
26.5
26.5
26.5
26.5
26.5
26.5
26.5
26.4
26.4
26.4
26.4
26.4
26.4
26.4
26.4
26.3
26.6
26.7
26.6
26.6
26.6
26.6
26.6
26.5
26.5
26.5
26.5
26.5
26.5
26.5
26.5
26.5
26.5
26.5
26.5
26.5
26.5
26.5
26.5
26.5
26.5
26.5
26.4
26.4
26.4
26.4
26.5
26.5
26.5
26.5
26.5
26.5
26.5
26.5
26.5
26.4
26.4
26.5
26.5
26.4
26.4
26.5
26.5
26.5
26.5
26.5
26.6
26.5
26.5
26.5
26.5
26.5
26.5
26.5
26.5
26.5
26.5
26.5
26.5
26.5
26.5
26.5
26.5
26.5
26.5
26.5
26.5
26.5
26.4
26.5
26.5
26.5
26.5
26.8
26.7
26.7
26.7
26.7
26.7
26.6
26.5
26.6
26.6
26.6
26.6
26.5
26.5
