26.7
47.2
36.1
44.1
44.0
44.2
44.3
44.4
44.5
44.6
44.7
44.8
44.9
44.6
44.2
43.7
43.4
43.1
43.1
43.1
43.3
42.8
42.9
43.2
43.5
43.6
43.7
43.2
42.9
42.7
42.4
42.2
41.8
41.6
41.6
41.3
41.3
41.3
41.7
42.2
42.5
42.5
42.5
42.2
42.1
41.9
41.7
41.9
41.4
40.9
41.2
41.7
42.2
41.9
42.0
42.5
42.9
43.2
42.7
42.9
43.5
43.8
44.0
44.3
44.5
44.7
44.7
44.7
44.8
44.9
44.9
44.7
44.8
44.9
45.0
45.1
45.2
45.3
45.4
45.4
45.4
45.5
45.5
45.6
45.6
45.7
45.8
45.8
45.8
45.8
45.8
45.4
35.5
35.5
35.6
35.6
42.0
42.2
42.2
35.1
35.2
43.2
42.9
42.6
42.2
41.8
41.5
42.0
42.5
42.4
42.2
41.8
36.4
36.5
36.1
36.0
36.0
36.1
36.1
36.0
36.1
36.7
44.9
44.3
34.5
35.1
35.7
44.7
44.7
44.5
44.6
44.4
44.3
44.6
44.7
44.9
45.0
45.1
45.2
45.3
45.3
45.4
45.4
45.5
45.5
45.5
45.5
45.3
45.2
45.3
45.4
45.4
45.5
45.5
45.5
45.5
45.4
45.5
45.5
45.5
45.4
40.3
45.9
45.8
45.9
45.9
45.9
45.9
45.9
45.9
46.0
46.0
46.0
45.9
45.9
45.9
46.0
46.0
46.0
46.0
46.0
46.0
46.0
46.1
46.1
46.0
40.7
40.6
40.5
40.2
40.3
40.3
40.3
40.7
40.8
40.8
41.0
41.2
41.4
41.8
41.6
41.4
41.5
34.9
34.9
42.6
42.7
42.8
42.5
32.8
32.9
33.2
33.3
33.4
45.5
45.4
45.4
45.5
45.5
45.5
45.5
45.6
45.7
45.8
45.8
45.8
45.8
45.9
45.9
45.9
45.9
45.9
46.0
46.0
46.0
46.1
46.1
46.1
46.1
46.1
46.0
46.0
46.1
46.1
46.1
46.1
46.0
46.0
46.1
46.1
46.2
46.1
46.1
46.2
46.2
46.3
46.2
46.2
46.3
46.3
46.2
46.1
45.8
45.9
45.9
45.9
46.0
46.0
46.0
46.0
45.9
45.8
39.5
45.3
45.3
45.4
45.4
45.4
45.3
45.3
45.3
45.1
45.0
45.2
45.1
45.2
45.3
45.4
45.4
45.4
45.4
45.5
45.6
45.6
45.7
45.8
45.8
45.8
