42.0
42.6
43.1
43.4
43.8
44.3
44.5
44.9
45.1
45.2
45.6
45.7
45.9
46.2
46.1
46.3
46.5
46.8
46.9
46.8
46.9
47.0
47.1
47.2
47.1
47.2
47.3
47.4
47.5
47.4
47.2
47.4
47.5
47.6
47.6
47.3
47.4
47.4
47.5
47.6
47.2
47.2
47.3
47.4
47.6
47.5
47.2
47.2
47.3
47.4
47.4
47.3
47.3
47.4
47.4
47.5
47.3
47.5
47.5
47.6
47.3
47.2
47.2
47.4
47.5
47.6
47.5
47.2
47.3
47.4
47.6
47.6
47.4
47.5
47.9
47.9
33.0
42.6
50.7
51.2
50.6
50.2
50.0
49.7
49.6
49.3
49.0
48.8
48.8
48.6
48.6
48.3
48.3
48.4
48.4
48.4
48.2
47.9
48.0
48.0
48.0
48.0
47.8
47.8
47.9
48.0
47.7
47.5
47.6
47.7
47.8
48.1
47.8
47.7
47.8
47.9
47.9
47.9
47.7
47.7
47.8
47.9
48.0
47.5
47.5
47.6
47.7
47.8
47.8
47.8
47.9
48.0
48.0
48.0
47.8
47.8
47.8
47.9
48.0
47.8
47.6
47.7
47.9
48.0
47.8
47.8
47.8
47.9
48.0
48.0
47.8
47.9
48.0
48.1
48.1
47.9
47.9
48.1
48.1
48.2
47.9
48.0
48.1
48.2
48.3
48.1
48.1
48.1
48.2
48.2
48.1
47.8
47.8
47.7
47.8
47.9
47.7
47.8
47.9
48.0
47.9
47.7
47.9
48.0
48.0
48.0
47.9
47.9
47.9
48.0
48.1
48.1
47.9
48.0
48.1
48.1
48.2
48.0
47.9
48.0
48.0
48.1
47.8
47.9
48.0
48.1
48.1
48.0
47.9
48.1
48.1
48.2
48.1
47.9
47.9
48.0
48.0
48.1
47.7
47.8
48.0
48.0
48.1
48.1
48.0
47.8
47.9
47.9
47.9
47.9
48.0
48.2
48.3
48.1
47.8
47.7
47.8
47.8
47.8
47.6
47.3
47.5
47.6
47.7
47.6
47.7
47.8
47.9
48.0
48.0
47.7
47.8
47.9
48.0
48.1
48.0
48.0
48.1
48.2
48.1
47.8
47.9
48.0
48.0
48.0
47.9
47.9
47.8
48.0
48.1
48.1
47.9
48.0
48.1
48.2
48.2
48.0
48.1
48.2
48.3
48.4
48.3
48.2
48.3
48.4
48.4
48.4
48.4
48.4
48.4
48.5
48.5
48.2
48.3
48.4
48.4
48.5
48.2
48.2
48.3
48.3
48.4
48.3
48.2
48.3
48.4
48.4
48.4
48.2
48.3
48.4
48.5
48.6
48.3
48.4
48.3
48.4
48.5
48.3
48.4
48.4
48.5
48.5
48.5
48.3
48.5
48.5
48.6
48.6
48.3
48.3
48.3
48.3
48.4
48.2
48.2
48.3
48.4
48.5
48.3
48.3
48.4
48.3
48.3
48.1
48.0
48.1
48.1
48.1
48.2
48.0
48.2
48.4
48.5
48.4
48.2
48.3
48.4
48.4
48.5
48.3
48.3
48.4
48.5
48.6
48.4
48.3
48.5
48.5
48.6
48.5
48.3
48.4
48.5
48.6
48.7
48.4
48.2
48.2
48.3
48.4
48.2
48.3
48.5
48.6
48.7
48.6
48.5
48.5
48.5
48.6
48.7
48.4
48.3
48.3
48.4
48.5
48.3
48.3
48.4
48.5
48.5
48.5
48.3
48.5
48.5
48.6
48.7
48.3
48.4
48.5
48.5
48.6
48.4
48.6
48.7
48.8
48.7
48.6
48.4
48.5
48.5
48.6
48.6
48.3
48.2
48.4
48.4
48.6
48.3
48.4
48.4
48.4
48.4
48.4
48.3
48.2
48.3
48.4
48.4
48.2
48.4
48.5
48.6
48.6
48.4
48.6
48.6
48.7
48.7
48.5
48.5
48.5
48.4
48.5
48.5
48.3
48.4
48.5
48.6
48.6
48.4
48.5
48.5
48.6
48.7
48.3
48.2
48.2
48.3
48.4
48.4
48.3
48.3
48.4
48.5
48.6
