35.5
43.6
43.9
44.1
44.1
38.6
44.9
44.8
44.7
44.5
44.6
44.4
44.4
44.5
44.4
44.3
44.1
44.1
43.1
42.6
42.0
41.9
41.5
41.3
40.7
40.4
40.3
39.8
39.7
39.8
45.1
45.1
45.1
45.2
44.6
44.1
43.7
43.5
43.1
43.0
37.2
37.5
43.2
36.4
36.6
37.0
37.4
37.6
38.0
38.3
38.2
38.3
38.4
43.6
43.8
44.0
44.2
44.4
44.5
44.6
44.7
44.9
45.0
45.1
45.2
45.1
45.1
45.0
44.5
44.4
43.9
43.8
43.5
43.0
42.8
42.6
42.6
42.5
42.4
42.7
43.0
36.1
36.2
36.5
36.7
36.7
36.8
37.1
37.4
37.2
36.8
37.1
36.9
37.5
37.9
44.9
44.2
43.7
38.6
38.9
39.0
38.9
39.4
39.7
39.4
39.7
45.1
45.0
45.0
45.1
45.0
45.0
45.0
45.0
45.1
45.2
45.2
45.2
45.3
45.2
39.3
39.4
39.5
45.1
45.0
45.0
45.1
44.9
44.9
44.9
44.9
44.6
44.6
44.4
38.8
38.7
38.4
38.8
45.1
45.1
45.1
45.1
45.0
38.2
38.4
44.1
43.7
43.2
43.3
43.3
43.2
43.4
43.7
44.0
44.2
44.4
44.6
44.6
44.7
44.7
44.9
44.8
44.9
44.9
44.8
44.5
44.2
44.4
44.5
44.6
44.8
44.8
44.9
44.9
45.0
45.1
45.1
44.9
44.9
45.1
45.2
45.3
45.3
45.4
45.5
45.6
45.6
45.6
45.6
45.7
45.7
45.7
45.8
45.7
45.7
45.8
45.8
45.8
45.8
45.8
45.9
45.9
45.9
45.9
45.9
45.9
45.9
45.9
45.9
45.9
45.9
45.9
45.9
45.8
45.3
44.8
44.6
44.2
43.9
43.4
43.2
42.9
42.4
42.2
41.6
41.3
41.1
41.1
41.3
41.9
42.3
42.2
42.0
41.9
42.2
42.4
42.9
43.3
43.7
44.0
44.2
44.4
44.6
44.8
44.9
45.1
45.2
45.3
45.4
45.5
45.5
45.8
45.5
45.4
45.4
45.3
45.4
45.2
45.1
44.9
44.6
44.4
44.4
44.6
44.6
44.8
44.8
44.9
44.9
45.0
44.8
44.7
44.6
44.4
44.1
44.3
44.4
44.6
44.8
44.9
44.9
45.0
45.1
45.1
44.9
39.3
45.3
45.1
45.0
44.9
45.0
