91104 117916 338048 407364 28364 26696 21740
91096 118040 324988 408064 28364 27016 21476
91172 117880 303808 408764 28364 26524 21716
90780 117784 314332 409244 28364 26520 21584
91008 117924 315728 409152 28364 26736 21688
90680 117832 338652 409144 28364 26672 21660
90960 117812 325264 408844 28364 26752 21684
90724 117796 332268 409588 28364 26808 21404
91160 117832 367536 408624 28364 26872 21560
90616 117916 323552 407080 28364 26680 21616
91296 117872 319396 407032 28364 26692 21432
91224 117924 321884 407504 28364 26844 21680
91356 118080 329824 408096 28364 26868 21424
91212 117696 340620 406968 28364 26832 21432
90904 118008 329188 407528 28364 26840 21724
90844 117828 331860 408280 28364 26528 21604
90940 117908 333136 407268 28364 26700 21552
90712 117892 316884 407608 28364 26672 21556
90920 117804 315756 410096 28364 26844 21392
90612 117884 317448 407240 28364 26676 21688
90856 117956 333580 407804 28364 26808 21556
91284 117820 337172 408132 28364 26680 21664
90888 117900 333472 408104 28364 26724 21732
90744 117904 335880 407232 28364 26840 21552
90948 117816 331412 408176 28364 26836 21548
90804 117912 327408 407528 28364 26792 21728
90932 117872 329352 408244 28364 26940 21540
90668 117860 314308 407484 28364 26832 21672
90956 117916 326808 408432 28364 26840 21412
90940 118056 331940 407196 28364 26528 21460
90840 117908 335132 407588 28364 26524 21420
91040 117916 333536 407312 28364 26940 21596
90892 117924 325476 407404 28364 26708 21488
91028 117788 331344 407484 28364 26804 21688
91108 117768 333812 408132 28364 26796 21680
90816 117936 316636 407184 28364 26684 21444
90908 117832 377828 407028 28364 26944 21524
91088 118152 333028 407280 28364 26868 21588
90656 117860 328932 407756 28364 26708 21708
90920 118104 326836 408028 28364 26812 21724
90628 117704 329612 409112 28364 26836 21428
90880 118036 331084 408424 28364 26704 21444
90924 117884 326312 408056 28364 26932 21740
91108 117968 326248 408632 28364 26760 21724
90984 117876 341852 407368 28364 26536 21684
90816 117920 326732 407352 28364 26580 21728
90840 117828 322520 408992 28364 26680 21404
90564 117852 329708 408056 28364 26740 21564
90656 117916 332092 405664 28364 26712 21604
90976 117784 332748 407380 28364 26840 21540
