51428 72236 146100 456480 26200 19820 20244
51408 72440 147464 457788 26260 19780 20188
51864 71896 142676 458120 26180 20004 20480
51988 72164 143740 458008 26408 19960 20204
51780 72260 143924 455600 26216 19788 20300
51716 72376 145472 450272 26280 19800 20292
51484 72356 141244 457544 26076 20080 20568
51712 72104 139312 459776 26116 19764 20132
52188 72228 147328 458568 26312 19780 20544
51900 72248 142832 458032 26248 19780 20216
51588 72208 139864 456372 26400 19956 20460
51632 72252 144028 457524 26332 19864 20264
51572 72144 141244 457680 26388 20032 20400
51688 72244 142980 457612 26248 20064 20424
51888 72488 143724 457908 26292 19944 20172
51968 72196 142444 458668 26116 19924 20428
51708 72100 142580 458128 26496 20048 20264
52064 72172 144608 455856 26332 19976 20184
52300 72268 140740 458296 26540 20032 20172
51592 72672 142812 459352 26252 19956 20440
51340 72596 142628 455236 26276 19956 20432
51912 72480 142268 456444 26224 20132 20428
51024 72768 145572 458584 26272 19852 20380
51264 72300 141780 458188 26252 19952 20296
52044 72420 140276 457996 26112 19780 20220
52016 72284 146252 456756 26396 20012 20292
51600 72300 140300 455144 26080 19860 20512
51480 72228 149880 454832 26280 19944 20416
52004 72204 140808 457352 26116 19756 20232
51384 72240 141576 458136 26316 20072 20328
51928 72396 141760 458284 26280 19856 20228
51992 72108 139324 458536 26324 19956 20300
51596 72300 145592 458620 26100 19992 20456
51340 72276 149816 453036 26412 19860 20348
51876 72244 142856 454948 26392 19848 20388
51760 72376 140116 458520 26140 20052 20452
51836 72176 147820 458108 26168 20116 20432
52268 72032 144156 457564 26344 19992 20292
51976 72348 141516 458008 26228 20128 20252
51584 72164 138648 457724 26132 19816 20256
51316 71960 147212 457180 26284 20016 20252
52160 72500 140308 458792 26288 19812 20284
51224 72268 137880 458100 26216 20024 20208
52128 72464 140728 458992 26164 19972 20356
51992 72256 142060 458708 26344 19752 20432
52192 72112 144896 458924 26060 20032 20408
51592 72208 142092 457704 26220 19804 20252
51908 72252 145708 457508 26548 20064 20304
52228 72128 145916 457664 26296 19812 20400
51300 71816 155064 457372 26092 19936 20256
