103204 89680 173964 466640 26040 22316 25976
102708 86400 163956 471048 26084 22276 26064
102612 85964 162280 466416 26048 22420 25904
102660 89504 171576 467652 26076 22240 26152
102656 86088 169860 466716 26068 22236 25996
103032 89668 170084 466044 25936 22292 26060
106840 89500 167896 470384 26144 22148 26044
102728 85968 161872 467748 26096 22288 25944
102668 88680 182468 471584 26044 22264 25956
100476 86400 166136 466704 25956 22232 26020
106664 85844 178256 471964 26296 22212 26032
106268 86344 168180 465832 25984 22408 26264
102720 86936 168688 469496 26216 22280 25976
102748 89560 171344 467160 26044 22244 25944
102792 89684 163640 470344 26072 22456 26032
106684 88832 170276 468900 26000 22284 26128
106144 89452 178912 466792 26124 22196 25940
106488 89640 166388 470084 26076 22456 26192
102588 89768 164140 468408 25992 22116 26208
102956 88672 165120 467328 26044 22216 25912
103008 85920 166444 467488 26148 22292 26076
103100 89360 172340 470092 26020 22308 26172
102856 89412 166240 467200 25908 22328 26188
103012 88744 162540 467076 26104 22132 26072
102908 88796 177756 467784 26064 22328 26000
102676 89708 161132 466120 26092 22308 25984
102608 85796 156060 467580 26084 22368 25864
103036 89480 171620 466728 25956 22264 26160
103432 88704 169784 468572 25940 22300 26048
106452 86912 168672 468316 26136 22312 25876
102708 86764 167348 471324 25892 22272 25812
102732 89612 167108 471248 26044 22292 25908
103048 87200 180812 468276 26196 22304 26016
102768 89444 174516 467536 26036 22144 25988
102584 88676 170056 470868 25956 22456 26016
102964 89680 165372 467932 26068 22344 26132
102988 89500 176828 471008 26096 22240 25908
102896 86340 177748 471124 26004 22156 25884
102620 88932 161624 468204 26232 22292 26000
102872 86484 175544 468020 26048 22292 26156
102892 86360 166840 468684 26260 22316 25976
102676 86544 168052 465992 25920 22140 26152
103008 86716 167296 467684 26012 22408 26100
102532 85848 171600 467568 26232 22296 25848
103368 89548 161176 467744 26044 22312 25988
102536 89500 173676 471832 26116 22124 25984
103140 87632 179212 466632 26020 22252 26084
102488 89760 167180 468456 26208 22372 26048
102988 86132 163692 467020 26140 22416 25952
106644 89512 172996 469092 25908 22244 25936
