26.8
26.7
26.9
26.9
26.9
26.8
26.8
26.8
26.8
26.7
26.7
26.7
26.6
26.7
26.6
26.5
26.6
26.6
26.6
26.5
26.5
26.6
26.6
26.6
26.6
26.6
26.8
26.8
26.8
26.7
26.6
26.6
26.7
26.7
26.6
26.6
26.6
26.6
26.6
26.6
26.6
26.6
26.6
26.6
26.6
26.5
26.5
26.5
26.5
26.6
26.6
26.6
26.6
26.6
26.5
26.5
26.5
26.5
26.4
26.4
26.4
26.4
26.4
26.5
26.4
26.4
26.4
26.4
26.4
26.4
26.5
26.5
26.4
26.7
26.7
26.7
26.6
26.6
26.6
26.5
26.5
26.5
26.5
26.4
26.4
26.4
26.4
26.4
26.4
26.4
26.5
26.4
26.4
26.4
26.4
26.4
26.4
26.4
26.4
26.4
26.4
26.5
26.5
26.5
26.4
26.4
26.4
26.4
26.6
26.6
26.6
26.7
26.7
26.7
26.6
26.6
26.6
26.6
26.6
26.5
26.6
26.6
26.5
26.5
26.5
26.5
26.5
26.5
26.5
26.5
26.4
26.4
26.4
26.4
26.4
26.4
27.0
26.9
26.8
26.7
26.7
26.6
26.6
26.5
26.5
26.5
26.4
26.4
26.4
26.4
26.4
26.3
26.3
26.4
26.4
26.4
26.4
26.4
26.4
26.5
26.6
26.6
26.6
26.5
26.5
26.5
26.4
26.4
26.4
26.5
26.4
26.4
26.4
26.4
26.4
26.4
26.3
26.3
26.3
26.4
26.3
26.4
26.3
26.4
26.3
32.6
26.4
26.3
26.3
26.3
26.4
26.3
26.3
26.4
26.4
26.4
26.3
26.3
26.3
26.4
26.3
26.3
26.4
26.4
26.3
26.3
26.3
26.4
26.7
26.6
26.6
26.5
26.5
26.5
26.5
26.4
26.4
26.4
26.4
26.4
26.3
26.4
26.4
26.5
26.5
26.6
26.6
26.5
26.6
26.7
26.9
38.4
26.2
26.2
26.2
26.2
31.4
30.7
30.2
29.7
29.3
28.8
28.5
28.3
28.0
27.8
27.6
27.4
27.2
27.1
27.1
27.0
26.8
26.8
26.7
26.7
26.6
26.5
26.5
26.5
26.5
26.4
26.4
26.3
26.3
26.3
26.3
26.3
26.3
26.3
26.3
26.3
26.3
26.3
26.3
26.4
26.4
26.4
26.4
26.3
26.9
26.8
26.7
26.7
26.6
26.5
26.5
26.5
26.4
26.4
26.4
26.5
26.5
26.4
26.4
26.3
26.3
26.3
26.3
26.3
26.4
26.6
26.6
26.8
26.7
26.6
26.5
26.5
26.5
26.5
26.4
26.3
26.3
26.3
26.3
26.3
26.3
26.3
26.3
26.3
26.2
26.2
26.2
26.3
26.3
26.3
26.3
26.3
26.3
26.3
26.3
26.3
26.2
26.3
26.3
26.3
26.3
26.3
26.2
26.3
26.3
26.3
26.3
26.3
26.3
26.3
26.3
26.3
26.3
26.3
26.3
26.3
26.3
26.3
26.3
26.3
26.3
26.2
26.2
26.2
26.3
26.3
26.3
26.3
26.2
26.3
26.3
26.3
26.3
26.3
26.3
26.3
26.3
26.3
26.3
26.3
26.3
26.3
26.4
26.4
26.4
26.4
26.4
26.3
26.3
26.3
26.2
26.2
26.2
26.2
26.2
26.2
26.5
26.4
26.3
26.4
26.4
26.4
26.3
26.3
26.3
26.3
26.3
26.3
26.3
26.3
26.3
26.2
26.2
26.3
26.3
26.2
26.2
26.2
26.3
26.2
26.2
26.2
26.3
26.2
26.2
26.2
26.2
26.2
26.2
26.2
26.2
26.2
26.2
26.2
26.2
26.1
26.2
26.2
26.2
26.2
26.2
26.2
26.2
26.2
26.2
26.2
26.2
26.2
26.2
26.2
26.2
26.2
26.2
26.2
26.2
26.2
26.2
26.2
26.2
26.2
26.3
26.3
26.3
26.3
26.2
26.3
26.3
26.2
26.2
26.3
26.3
26.2
26.2
26.3
26.2
26.3
26.3
26.2
26.2
26.2
26.2
26.2
26.2
26.2
26.2
26.2
26.2
26.2
26.1
26.1
26.2
26.2
26.2
26.2
26.2
26.2
26.2
26.2
26.2
26.2
26.2
26.2
26.2
26.2
26.2
26.2
26.2
26.2
26.2
26.2
26.2
26.2
26.2
26.2
26.2
26.2
26.2
26.2
26.2
26.2
26.3
26.3
26.3
26.3
26.3
26.3
26.3
26.3
26.3
26.3
26.3
26.3
26.3
26.3
26.3
26.3
26.3
26.3
26.3
26.3
26.3
26.2
26.2
26.2
26.2
26.2
26.2
26.2
26.2
26.2
26.2
26.2
26.2
26.2
26.2
26.2
26.2
26.3
26.3
26.3
26.2
26.2
26.2
26.2
26.2
26.2
26.2
26.2
26.2
26.2
26.2
26.4
26.3
26.3
26.3
26.3
26.3
26.3
26.2
26.2
26.3
26.3
26.3
26.2
26.2
26.3
26.3
26.2
26.2
26.2
26.3
26.3
26.3
26.3
26.3
26.3
26.2
26.4
26.5
26.5
26.5
26.5
26.4
26.4
26.4
26.4
26.4
26.3
26.3
26.3
26.3
26.3
26.3
26.3
26.5
26.5
26.5
26.4
26.4
26.4
26.4
26.4
26.3
26.3
26.3
26.3
26.3
26.3
26.3
26.3
26.3
26.3
26.3
26.3
26.3
26.3
26.3
26.3
26.3
26.2
26.2
26.2
26.2
26.3
26.2
26.3
26.3
26.3
26.2
26.2
26.2
26.2
26.2
26.2
26.2
26.2
26.2
26.2
26.2
26.2
26.2
26.2
26.2
26.2
26.2
26.2
26.2
26.2
26.2
26.2
26.2
26.2
26.2
26.2
26.2
26.2
26.1
26.1
26.1
26.1
26.1
26.1
26.1
26.1
26.1
26.1
26.1
26.1
26.1
26.2
26.1
26.1
26.2
26.2
26.2
26.2
26.2
26.2
26.3
26.3
26.3
26.3
26.3
26.3
26.3
26.4
26.3
26.3
26.3
26.3
26.3
26.3
26.3
26.3
26.3
26.3
26.3
26.3
26.2
26.3
26.3
26.3
26.3
26.3
26.3
26.3
26.3
26.2
26.2
26.2
26.3
26.3
26.3
26.3
26.3
26.3
26.3
26.3
26.3
26.2
26.2
26.2
26.3
26.3
26.2
26.2
26.2
26.2
26.2
26.2
26.2
26.2
26.3
26.3
26.3
26.3
26.3
26.3
26.3
26.3
26.3
26.3
26.4
26.4
26.3
26.3
26.3
26.3
26.3
26.3
26.3
26.3
26.2
26.2
26.2
26.2
26.2
26.2
26.2
32.4
50.1
43.4
26.4
26.3
26.4
26.4
26.3
26.4
26.3
26.5
26.5
26.5
26.5
26.5
26.4
26.4
26.3
26.4
26.3
26.3
26.3
26.3
26.3
26.2
26.3
26.3
26.3
26.2
26.2
26.2
26.2
26.2
26.2
26.3
26.3
26.3
26.2
26.2
26.2
26.2
26.2
26.2
26.2
26.2
26.2
26.2
26.2
26.6
26.6
26.5
26.5
26.4
26.4
26.3
26.3
26.3
26.2
26.2
26.2
26.2
26.2
26.2
26.2
26.2
26.2
26.1
26.2
26.1
