26.9
27.4
27.8
28.2
28.6
28.9
29.1
29.4
29.6
29.8
29.9
30.0
30.1
30.2
30.3
30.4
30.4
30.4
30.5
30.6
30.7
30.7
30.8
30.8
30.8
30.8
30.8
30.8
30.9
30.9
30.9
30.9
30.9
31.0
30.9
31.0
31.0
31.0
31.0
31.0
30.9
30.9
30.9
30.9
30.9
30.9
30.8
30.9
30.9
30.9
30.8
30.8
30.8
30.9
30.9
30.9
30.9
30.9
30.9
31.0
31.0
30.9
30.9
30.9
30.9
30.9
30.8
30.9
30.8
30.9
30.8
30.8
30.8
30.8
30.8
30.8
30.8
30.8
30.9
30.9
31.0
31.0
30.9
30.9
31.0
31.0
31.0
30.9
30.9
30.9
30.9
30.9
30.8
30.9
30.9
31.0
31.0
31.0
31.0
31.0
31.0
31.6
39.9
32.4
32.2
32.0
31.9
31.8
31.7
32.0
31.9
31.8
31.7
31.6
31.4
31.4
31.2
31.2
31.2
31.1
31.0
31.0
30.9
30.9
30.9
30.9
30.9
31.0
30.9
30.9
30.9
30.9
30.9
30.9
30.9
30.9
30.9
30.9
30.9
30.8
30.9
31.0
30.9
30.8
30.9
30.8
30.9
30.8
30.8
30.8
30.9
30.8
30.9
30.9
30.9
30.9
31.0
31.0
31.0
30.9
30.8
30.8
30.9
30.9
30.9
30.8
30.8
30.8
30.9
30.9
30.8
31.2
31.2
31.1
31.1
31.1
31.0
30.9
30.9
30.9
31.2
31.2
31.1
31.1
31.1
31.0
31.0
30.9
30.9
31.0
30.9
30.9
30.9
30.8
30.9
30.9
30.8
30.8
30.9
30.8
30.9
30.9
30.9
30.9
30.8
30.9
30.9
30.9
30.9
30.9
31.0
31.1
31.1
31.1
31.1
31.0
31.1
31.1
31.1
31.0
31.0
31.0
31.0
31.0
31.0
31.0
31.1
31.0
31.0
30.9
30.9
30.9
30.9
30.9
31.0
30.9
30.9
30.9
30.9
30.9
30.9
30.9
30.9
30.9
30.9
30.9
30.8
30.9
30.9
30.9
30.8
30.9
31.0
31.0
30.6
30.3
30.3
30.4
30.5
30.5
30.5
30.5
30.6
30.6
30.7
30.8
30.8
30.9
30.8
30.8
30.8
30.8
30.8
30.8
30.8
30.8
30.8
30.8
30.8
30.8
30.8
30.9
30.8
30.8
30.8
30.9
30.9
31.0
31.0
31.0
31.1
31.1
31.0
31.0
30.9
30.9
30.9
30.9
30.9
30.9
30.9
30.9
30.9
30.9
30.8
30.8
31.1
31.1
31.1
31.0
31.1
31.1
31.0
31.0
31.0
31.0
31.0
31.0
31.0
31.0
31.1
31.1
31.1
31.0
31.1
31.1
31.1
31.1
31.1
31.1
31.1
31.1
31.1
31.2
31.1
31.1
31.2
31.1
31.1
31.0
31.0
31.0
31.0
31.0
30.9
30.9
30.9
31.0
31.0
31.0
31.0
30.9
30.9
30.9
30.9
31.0
31.0
31.1
31.1
31.1
31.1
31.0
31.1
31.0
30.9
30.9
30.9
30.9
30.9
30.9
30.9
30.8
30.9
30.9
30.9
31.0
30.9
30.9
30.9
30.9
31.0
30.9
30.9
30.9
30.9
30.9
30.9
30.9
31.0
30.9
30.9
30.9
31.0
31.0
31.1
31.1
31.2
31.1
31.0
31.0
31.0
31.0
31.1
31.0
30.9
30.9
30.9
30.9
30.9
30.9
30.9
30.8
30.8
30.8
30.8
30.8
30.8
30.8
30.8
30.8
30.8
30.8
30.8
30.8
30.8
30.8
30.8
30.8
30.9
30.9
30.8
30.8
30.9
30.8
30.9
30.9
30.9
31.0
31.0
30.9
31.0
31.0
31.0
30.9
30.9
30.9
30.9
30.9
30.9
30.9
31.0
31.0
30.9
31.0
30.9
30.9
31.0
31.0
30.9
30.9
30.9
30.9
30.9
30.8
30.8
30.8
30.9
30.8
30.8
