26.4
26.3
34.9
35.1
35.1
34.9
35.5
34.9
34.9
34.8
34.6
34.3
33.7
33.5
33.6
45.7
32.6
37.8
29.1
29.1
34.5
33.9
26.0
26.0
25.9
25.9
25.8
25.8
25.7
25.7
25.7
25.7
25.7
34.3
27.8
27.5
27.3
27.1
26.9
26.9
26.9
26.9
27.0
26.9
26.9
26.9
26.8
26.8
26.8
26.8
26.8
26.8
26.8
26.7
26.8
26.7
26.7
26.7
26.7
26.7
26.7
26.8
26.8
26.8
26.8
26.9
26.9
27.1
27.0
27.0
27.2
27.2
27.4
27.3
27.2
27.2
27.1
27.0
26.9
26.9
26.9
26.8
26.8
26.7
26.7
26.7
26.7
26.7
26.6
26.6
26.6
26.6
26.7
26.7
26.7
26.7
26.7
26.7
26.6
26.6
26.6
26.6
26.7
26.7
26.6
26.6
26.6
26.6
26.6
26.6
26.5
26.6
26.6
26.5
26.9
26.8
26.8
26.7
26.7
26.7
26.7
26.7
26.6
26.6
26.6
26.6
26.6
26.6
26.6
26.6
26.6
26.6
26.7
26.7
26.6
26.6
26.6
26.5
26.6
26.5
26.5
26.5
26.5
26.5
26.5
26.5
26.5
26.6
26.9
27.0
26.9
26.9
27.0
26.9
26.9
26.8
26.8
26.8
26.7
26.7
26.6
26.6
26.6
26.6
26.6
26.6
26.7
26.7
26.7
26.7
26.7
26.7
26.6
26.6
26.6
26.7
26.7
26.7
26.7
26.6
26.7
26.6
26.6
26.6
26.7
26.7
26.6
26.6
26.6
26.6
26.6
26.5
26.6
26.6
26.6
26.5
26.5
26.5
26.5
26.5
26.5
26.6
26.6
26.6
26.5
26.5
26.6
26.6
26.6
26.6
26.6
26.6
26.6
26.6
26.6
26.6
26.6
26.6
26.6
26.5
26.5
26.6
26.6
26.6
26.6
33.0
26.4
26.4
26.4
26.4
26.4
26.4
26.4
26.5
26.4
26.4
26.4
26.4
26.5
26.6
26.6
26.6
26.6
26.7
26.7
26.7
26.6
26.6
26.6
26.6
26.6
26.6
26.6
26.6
26.6
26.6
26.5
26.6
26.6
26.6
26.6
26.5
26.6
26.6
26.6
26.8
26.8
26.7
26.9
26.9
26.9
38.8
26.6
26.6
26.5
26.6
26.7
31.8
26.4
26.4
26.4
26.4
26.4
26.4
26.4
26.4
26.4
26.5
26.4
26.4
26.4
26.5
26.5
26.5
26.5
26.5
26.5
26.5
26.6
26.5
26.5
26.6
26.5
26.5
26.5
26.6
26.6
26.6
26.5
26.6
26.6
26.6
26.6
26.6
26.6
26.6
26.6
26.6
26.6
26.5
26.7
26.7
26.7
26.7
26.7
26.6
26.8
26.8
26.7
26.7
26.6
26.7
26.6
26.6
26.6
26.6
26.6
26.6
26.6
26.5
26.5
26.5
26.5
26.5
26.5
26.5
26.5
26.5
26.5
26.5
26.5
26.5
26.6
26.5
26.5
26.5
26.5
26.5
26.5
26.5
26.6
26.5
26.5
26.5
33.4
26.6
26.5
26.5
26.5
26.5
26.8
26.8
26.8
26.8
26.8
26.7
26.7
26.7
26.7
26.6
26.6
26.6
26.6
26.6
26.6
26.6
26.6
26.6
26.6
26.6
26.6
26.5
26.6
26.5
26.5
26.6
26.6
26.5
26.5
26.5
26.5
26.5
26.5
26.6
26.6
26.5
26.5
26.6
26.6
26.6
26.6
26.6
26.6
26.6
26.6
26.5
26.5
26.6
26.5
26.5
26.6
26.5
26.5
26.6
26.6
26.5
26.5
26.6
26.5
26.5
26.6
26.5
26.6
27.0
26.9
26.8
26.8
26.7
26.7
26.7
26.7
26.6
26.6
26.6
26.6
26.6
26.6
26.5
26.5
26.5
26.5
26.5
26.5
26.5
26.5
26.5
26.5
26.5
26.5
26.4
26.4
26.4
26.5
26.5
26.4
26.4
26.4
26.5
26.5
26.4
26.5
26.5
26.5
26.5
26.5
26.5
26.5
26.5
26.5
26.5
26.5
26.5
26.5
26.5
26.5
26.5
26.4
26.4
26.4
26.5
26.5
26.4
26.5
26.6
26.6
26.6
26.5
26.6
26.6
26.5
26.6
26.5
26.5
26.6
26.5
26.5
26.5
26.5
26.5
26.5
26.5
26.4
26.4
26.4
26.4
26.4
26.4
26.4
26.4
26.4
26.4
26.4
26.4
26.5
26.5
26.5
26.5
26.5
26.4
26.4
26.5
26.5
26.5
26.5
26.5
26.5
26.5
26.5
26.5
26.5
26.5
26.5
26.5
26.5
26.5
26.5
26.5
26.5
26.5
26.5
26.5
26.4
26.5
26.5
26.5
26.6
26.6
26.5
26.6
26.5
26.5
26.5
26.5
26.5
26.5
26.5
26.5
26.4
26.5
26.5
26.4
26.5
26.4
26.5
26.5
26.5
26.5
26.5
26.5
26.5
26.5
26.5
26.4
26.4
26.4
26.4
26.4
26.4
26.4
26.4
26.5
26.5
26.5
26.5
26.5
26.5
26.5
26.5
26.4
26.4
26.5
26.5
26.5
26.5
26.4
26.4
26.4
26.5
26.5
26.4
26.4
26.5
26.5
26.5
26.6
26.5
26.5
26.5
26.5
26.5
26.5
26.5
26.5
26.5
26.5
26.4
26.4
26.5
26.4
26.4
26.4
26.4
26.4
26.4
26.4
26.4
26.4
26.4
26.4
26.4
26.4
26.4
26.4
26.4
26.4
26.4
26.4
26.4
26.4
26.4
26.4
26.5
26.5
26.4
26.5
26.5
26.9
26.8
26.8
26.7
26.7
26.7
26.6
26.7
26.6
26.6
26.6
26.6
26.5
26.6
26.7
26.9
27.1
27.0
27.2
27.2
27.1
27.0
27.0
26.9
26.8
26.8
26.7
26.7
26.6
26.6
26.6
26.6
26.6
26.5
26.5
26.6
26.5
26.5
26.5
26.5
26.5
26.5
26.4
26.4
26.4
26.4
26.5
26.5
26.5
26.4
26.4
26.5
26.4
26.5
26.4
26.5
26.5
26.5
26.5
26.4
26.4
26.4
26.4
26.4
26.4
26.5
26.4
26.5
26.5
26.5
26.5
26.5
26.5
26.5
26.5
26.5
26.4
26.4
26.4
26.5
26.7
26.7
26.7
26.7
26.6
26.6
26.5
26.5
26.5
26.5
26.5
26.5
26.5
26.5
26.5
26.5
26.5
26.4
26.4
26.4
26.4
26.4
26.4
26.4
26.4
26.4
26.5
26.4
26.4
26.4
26.4
26.4
26.4
26.3
26.3
26.4
26.4
26.4
26.3
26.3
26.4
26.4
26.4
26.4
26.4
26.4
26.4
26.4
26.4
26.4
26.4
26.4
26.4
26.3
26.3
26.3
26.3
26.4
26.3
26.3
26.3
26.3
26.3
26.3
26.3
26.3
26.3
26.3
26.3
26.3
26.3
26.3
26.4
26.4
26.4
26.4
26.4
26.4
26.4
26.4
26.5
26.4
26.4
26.5
26.5
26.5
26.5
26.4
26.4
26.4
26.4
26.3
26.4
26.4
26.4
26.4
26.4
26.4
26.3
26.3
26.4
26.4
26.4
26.3
26.4
26.4
26.4
26.4
26.4
26.4
26.4
26.4
26.4
26.4
26.4
26.3
26.4
26.4
26.4
26.4
26.4
26.4
26.4
26.4
26.4
26.3
26.3
26.4
26.4
26.4
26.4
26.4
26.3
26.4
26.4
26.4
26.3
26.4
26.4
26.3
26.3
26.3
26.3
26.4
