43.6
43.1
42.7
42.6
42.9
42.8
42.3
42.0
41.8
42.1
42.5
42.9
43.3
43.5
43.6
43.7
43.9
44.0
44.2
44.2
44.3
44.4
44.3
44.4
44.5
44.4
44.4
44.5
44.5
44.5
44.5
44.3
44.4
44.6
44.7
44.8
44.8
44.9
44.9
44.9
45.0
45.0
45.0
45.1
45.2
45.2
45.2
45.2
45.3
45.2
45.2
45.2
45.2
44.8
44.3
43.7
43.2
42.8
42.7
43.0
43.1
43.1
42.8
37.0
37.2
37.5
37.4
37.9
38.4
38.6
44.3
44.3
44.4
44.5
44.4
38.4
38.6
39.0
38.9
39.1
45.3
45.2
45.2
45.2
45.2
45.2
45.1
45.1
45.1
45.2
45.2
45.2
45.3
45.4
45.4
45.4
45.5
45.4
45.5
45.5
45.4
45.4
45.3
45.3
45.3
45.4
45.5
45.5
45.5
45.6
45.6
45.6
45.6
45.6
45.6
45.7
45.7
45.7
45.6
45.7
45.7
45.8
45.8
45.7
45.8
45.7
45.8
45.7
45.7
45.8
45.7
45.8
45.6
45.6
45.7
45.7
45.7
45.7
45.7
45.8
45.8
45.8
45.7
45.7
45.6
45.6
45.5
39.5
39.2
39.4
39.7
39.8
40.1
45.7
45.7
45.7
45.7
45.3
37.6
37.8
45.9
45.4
45.4
45.4
40.1
40.5
41.0
41.6
41.0
35.7
35.6
35.4
35.9
41.8
41.1
40.5
40.7
41.2
40.8
40.7
40.8
40.8
41.1
41.7
42.2
42.7
43.1
43.4
43.7
44.0
44.2
44.4
44.6
44.7
44.8
45.0
45.1
45.2
45.3
45.3
45.4
45.5
45.6
45.6
45.6
45.7
45.7
45.7
45.7
45.8
45.7
45.8
45.8
45.6
45.5
45.3
45.4
45.4
45.4
45.4
45.5
45.6
45.6
45.6
45.6
45.7
45.5
39.1
39.1
39.3
39.4
39.4
39.4
38.9
39.5
45.5
45.5
45.6
45.5
45.5
45.6
45.3
36.4
36.2
36.4
44.9
45.0
45.2
45.3
45.3
45.1
44.7
44.4
44.1
38.4
38.6
45.5
45.3
45.0
45.1
45.1
45.2
45.3
45.4
45.4
45.5
45.5
45.6
45.7
45.7
45.7
45.7
45.7
45.7
45.7
45.7
45.7
45.6
45.7
45.7
45.7
45.7
45.7
45.6
45.6
45.4
45.4
45.5
45.4
45.3
44.9
45.0
44.7
39.3
39.1
39.3
39.2
