43.2
43.6
44.0
44.5
44.8
45.1
45.3
45.6
45.8
46.1
46.6
46.7
46.8
46.8
46.9
46.9
46.9
46.9
46.9
47.0
47.0
47.0
47.0
47.0
47.0
47.1
47.1
47.1
47.1
47.2
47.2
47.2
47.2
47.2
47.2
47.0
47.1
47.1
47.2
47.3
47.3
47.3
47.3
47.3
47.3
47.3
47.3
47.0
47.1
47.2
47.3
47.3
47.3
47.4
47.4
47.5
47.4
47.4
47.4
47.4
47.4
47.5
47.6
47.5
47.5
47.6
47.5
47.5
47.5
47.5
47.6
47.6
47.7
47.6
47.6
47.6
47.6
47.7
47.6
47.6
47.7
47.7
47.7
47.7
47.7
47.7
47.6
47.6
47.6
47.6
47.7
47.6
47.7
47.7
47.7
47.7
47.8
47.7
47.8
47.8
47.8
47.7
47.7
47.7
47.7
47.8
47.8
47.8
47.8
47.8
47.8
47.9
47.8
47.9
47.8
47.8
47.8
47.8
47.7
47.8
47.8
47.9
47.9
47.9
47.9
47.9
47.9
48.0
48.1
48.2
48.2
48.1
48.1
48.0
48.1
48.0
48.0
48.0
48.0
48.0
48.1
48.2
48.1
48.1
48.1
48.2
48.2
48.2
48.2
48.2
48.2
48.1
48.1
48.1
48.1
48.1
48.0
48.0
48.1
48.0
48.0
48.0
48.0
48.0
48.1
48.0
48.0
48.0
48.1
48.1
48.1
48.0
48.0
48.1
48.0
48.0
48.0
48.0
48.1
48.1
48.1
48.1
48.1
48.1
48.1
48.1
48.1
48.1
48.1
48.4
48.3
48.3
48.3
55.5
50.3
50.1
49.9
49.7
49.5
49.4
49.6
50.2
50.1
50.0
49.7
49.5
49.3
49.2
49.2
49.0
48.9
48.8
48.8
48.7
48.7
48.7
48.5
48.4
48.4
48.4
48.5
48.7
48.6
48.6
48.5
48.5
48.4
48.4
48.4
48.3
48.4
48.4
48.4
48.4
48.3
48.3
48.3
48.3
48.3
48.3
48.3
48.0
47.9
47.9
47.9
48.0
48.1
48.1
48.1
48.1
48.1
48.2
48.3
48.3
48.3
48.2
48.2
48.3
48.3
48.3
48.4
48.3
48.3
48.3
48.3
48.4
48.4
48.4
48.4
48.4
48.4
48.5
48.5
48.5
48.5
48.5
48.5
48.5
48.5
48.5
48.5
48.5
48.5
48.4
48.4
48.5
48.5
48.5
48.4
48.5
48.5
48.5
48.5
48.5
48.5
48.4
48.5
48.5
48.1
48.1
48.2
48.2
48.3
48.3
48.3
48.2
48.3
48.2
48.3
48.3
48.3
48.3
48.4
48.3
48.3
48.3
48.3
48.4
48.4
48.4
48.4
48.4
48.4
48.4
48.5
48.5
48.5
48.5
48.4
48.3
48.3
48.3
48.3
48.4
48.4
48.4
48.4
48.4
48.5
48.5
48.5
48.5
48.5
48.5
48.3
48.3
48.4
48.4
48.4
48.4
48.4
48.4
48.4
48.5
48.5
48.6
48.5
48.6
48.6
48.6
48.6
48.6
48.6
48.6
48.5
48.5
48.6
48.6
48.6
48.6
48.6
48.6
48.5
48.5
48.5
48.5
48.6
48.6
48.7
48.6
48.7
48.6
48.6
48.6
48.6
48.6
48.8
48.8
48.7
48.7
48.7
48.7
48.7
48.6
48.7
48.7
48.7
48.2
30.1
35.7
47.2
47.4
47.5
47.7
47.7
47.9
47.9
48.0
48.2
48.2
48.2
48.3
48.4
48.3
48.3
48.4
48.4
48.5
48.5
48.5
48.5
48.4
48.4
48.4
48.4
48.4
48.4
48.5
48.6
48.7
48.9
48.9
48.9
48.8
48.8
48.7
48.7
48.7
48.7
48.7
48.8
48.8
48.8
48.7
48.7
48.7
48.7
48.6
48.6
48.6
48.6
48.5
48.5
48.5
48.5
48.5
48.6
48.6
48.6
48.6
48.6
48.6
48.6
48.6
48.6
48.7
48.6
48.7
48.6
48.7
48.7
48.8
48.8
48.6
48.6
48.7
48.7
48.7
48.8
48.8
48.7
48.7
48.8
48.8
48.7
48.8
48.8
48.8
48.9
48.8
48.8
48.8
48.8
48.8
48.8
48.8
48.8
48.8
48.9
48.9
48.9
48.9
48.9
48.9
49.0
48.9
49.0
49.1
49.2
49.2
49.1
49.1
49.1
49.1
49.0
49.0
49.1
49.1
49.0
49.0
49.0
49.0
49.0
48.9
48.9
48.8
48.9
48.9
48.9
48.9
48.9
48.9
48.8
48.8
48.8
48.8
48.7
48.7
48.8
48.6
48.6
48.6
48.7
48.6
48.6
48.6
48.6
48.7
48.7
48.8
48.8
48.8
48.8
48.9
48.8
48.8
48.8
48.9
48.9
48.9
49.0
49.0
49.0
49.1
49.0
49.0
49.0
49.0
49.0
49.0
49.0
48.9
48.9
48.9
48.9
49.0
49.0
48.9
48.9
48.9
48.8
48.8
48.8
48.8
48.8
48.8
48.8
48.8
48.8
48.8
48.9
48.9
48.9
48.9
48.8
48.8
48.9
48.9
48.9
49.0
49.0
49.0
49.0
49.0
48.9
48.9
49.0
49.1
49.0
49.0
49.0
49.0
49.0
49.0
49.1
49.0
49.0
49.0
48.9
49.0
49.1
49.1
49.1
49.0
49.0
49.0
49.1
49.1
49.1
49.0
49.0
49.0
49.1
49.0
49.1
49.0
49.0
49.2
49.1
49.2
49.1
49.2
49.2
49.2
49.2
49.2
49.1
49.1
49.1
49.2
49.1
49.1
49.1
49.3
49.4
49.3
49.3
49.3
49.4
49.4
49.3
49.3
49.3
49.3
49.2
49.1
49.1
49.2
49.3
49.3
49.3
49.3
49.3
49.3
49.2
49.2
49.2
49.2
49.2
49.2
49.3
49.3
49.2
49.2
49.1
49.1
49.1
49.1
49.2
49.2
49.2
49.0
49.0
49.2
49.1
49.1
49.1
49.0
49.0
49.0
49.0
49.0
48.9
48.9
49.0
48.9
49.0
49.0
49.1
49.1
49.1
49.1
49.1
49.2
49.2
49.2
49.3
49.3
49.3
49.2
49.2
49.1
49.2
49.2
49.2
49.2
49.2
49.3
49.4
49.5
49.6
49.5
