92188 157292 329244 360964 47404 26900 23712
91972 161392 337572 357176 59332 27192 23400
92332 161452 315704 357888 47456 27240 23584
92336 157192 336792 359164 47132 27068 23252
91700 161488 325852 359388 47392 26868 23572
92180 161616 324456 359948 46904 27148 23408
92336 161876 330048 357556 47172 27152 23332
92112 161436 318940 357328 48160 27044 23384
92092 161544 319628 357396 59592 27212 23300
91880 161544 333840 357772 47424 27236 23256
91956 161268 336120 355968 47236 27248 23356
91976 161168 340112 356688 47100 27040 23332
92016 157296 328992 356532 59680 27128 23272
91852 157324 323868 358556 47488 27004 23396
92036 161320 326936 356772 59480 26952 23368
92008 156880 340084 358284 47332 27088 23388
92028 158276 340352 356932 59428 26848 23532
91612 156964 326012 356620 58976 27204 23412
92032 167936 327692 358404 59544 27388 23296
92184 161420 337652 356756 59248 27152 23464
92032 161456 332112 356720 47512 27116 23340
92224 161528 324784 355820 59788 27216 23716
92220 162096 315320 356296 47028 27236 23580
92156 157152 328876 357352 47404 27244 23280
92260 161348 314936 356516 47008 27292 23472
92056 161440 306840 357156 59060 26920 23404
92228 161476 333044 359508 59396 27208 23704
91952 161400 332976 359112 47324 27020 23688
91888 161440 320112 358008 47036 26792 23520
92036 161872 337760 359080 47648 27228 23644
92004 161908 327448 360664 59164 27240 23464
92020 161536 325484 356124 47584 26800 23332
92348 162140 316880 359760 59160 27192 23332
92156 161408 343936 356852 59148 27204 23352
91968 161528 334860 356428 59232 27000 23700
92144 157956 313176 356304 46984 27008 23476
91740 161448 355620 358972 47708 27140 23564
92124 156884 311788 357716 47228 26988 23332
92188 161780 322072 358312 47444 27008 23344
91920 161428 342980 356068 59624 27284 23388
92296 156988 333944 359192 47292 27020 23276
92164 161264 327548 360540 59448 27288 23364
92060 161040 333248 360324 47620 27248 23432
92172 161844 332140 356756 59164 27128 23288
91960 161528 326024 356428 47708 27408 23356
92092 161300 326924 359140 59652 27388 23560
91988 161408 336456 354612 59140 27228 23288
92132 156996 336096 357784 46876 27008 23428
91880 161380 322136 357140 46908 26780 23312
92104 157012 331160 357888 58924 27032 23600
