212144 102020 6248 100288 41104 22532 439752
209356 102208 6376 96392 41020 22468 488484
218460 100648 6248 99756 41164 22404 489600
211568 100748 6168 100376 40800 22564 487740
214620 102076 6256 100712 40756 22592 488528
213884 104920 6320 103180 40900 22468 486856
215356 101968 6172 101092 41056 22396 486764
210880 101100 6292 100564 40924 22396 440828
212976 102124 6320 100216 40840 22284 439464
207776 100228 6304 98468 41012 22636 489448
213400 99024 6296 97932 40732 22636 487712
216960 101952 6304 95444 41060 22412 487988
211996 100584 6292 95180 40740 22592 488520
216692 102172 6292 88568 40868 22464 488436
213180 101944 6216 98468 40676 22328 440160
214548 100628 6256 98028 40896 22532 489680
219384 100120 6248 93132 40884 22440 439828
216252 100272 6168 97908 40688 22592 487600
217996 100188 6332 98032 41056 22536 488644
214364 100148 6304 96292 40688 22580 439880
212980 100376 6300 98156 40904 22536 488872
211996 101272 6312 97052 40732 22284 439960
210960 101992 6156 97936 40988 22588 488492
211104 102164 6312 96704 40844 22424 486888
218364 102172 6376 98244 41012 22504 440452
217100 100300 6176 101288 41168 22532 486852
223144 102080 6164 98848 40788 22420 487236
217240 100184 6300 98876 40948 22392 439468
210400 101660 6240 99444 40768 22596 487956
222308 100016 6168 100016 40924 22380 440064
213388 98844 6292 97956 40900 22428 487000
212596 102648 6248 97540 40844 22584 487568
213316 100524 6212 96620 40892 22592 439084
213960 100032 6300 94156 41076 22424 488960
213268 99956 6392 97032 41068 22444 486792
212236 100444 6296 97352 40932 22588 487128
213396 100376 6248 98716 40840 22472 439108
213240 98644 6284 96640 40924 22432 487752
209024 102900 6304 98860 40856 22424 487652
235440 101128 6164 102612 40780 22444 487684
214968 100228 6312 97996 40764 22384 488672
215272 103564 6172 97944 40908 22420 440840
211536 102048 6172 98924 41144 22392 487260
208924 100444 6264 98072 41064 22456 486992
211832 101984 6256 92616 41068 22456 487968
217036 99920 6216 98596 41088 22600 438740
212480 102076 6248 104072 40892 22640 487012
217228 102012 6312 100624 41004 22448 441120
221336 101188 6284 97232 40888 22612 440748
206944 100908 6312 98908 40880 22412 487372
