143512 127204 169696 97828 0 22904 0
140388 128724 169676 102544 0 22644 0
143512 128816 171128 100800 0 22848 0
142664 129060 166416 98588 0 23004 0
143720 124320 175320 104668 0 22980 0
134388 122524 173380 99032 0 22964 0
143796 124740 173388 96468 0 22828 0
134244 124948 162112 97844 0 22996 0
140628 124488 190500 95872 0 22864 0
143788 121416 176276 98336 0 22624 0
143660 121120 172428 98136 0 22948 0
143464 124824 178740 100840 0 22860 0
143780 132524 179500 101688 0 22864 0
143404 124340 166900 101824 0 22656 0
135508 124868 173880 103404 0 22852 0
143592 124564 175192 99564 0 22696 0
143956 121340 166384 97464 0 22788 0
137488 124248 165488 97316 0 22968 0
143548 124640 169600 93784 0 22756 0
143744 128836 166836 100776 0 22956 0
143376 123828 166128 97760 0 22648 0
143472 124948 171488 96336 0 22832 0
143760 123708 173608 98128 0 22900 0
143648 119620 169552 100464 0 22692 0
138584 123580 173156 96648 0 22900 0
143644 124164 178812 98324 0 22816 0
143548 124516 176028 105060 0 22896 0
143660 123968 174836 101104 0 22896 0
138564 123412 183328 101472 0 22960 0
143624 124176 166548 97184 0 22648 0
138292 119180 166056 98848 0 22816 0
143660 123892 163116 97356 0 22628 0
143584 124084 170516 100236 0 22872 0
140784 123040 167756 100996 0 22868 0
143620 123476 172944 98952 0 22856 0
139564 123944 164148 99092 0 22848 0
143592 123384 157160 98836 0 22792 0
143844 123476 171756 98092 0 23004 0
136440 128728 174576 98852 0 22808 0
143264 128828 171524 98804 0 22692 0
143732 128952 168832 97148 0 22852 0
143788 123292 167696 99704 0 22784 0
141008 123244 166820 101520 0 22856 0
143916 124500 181132 93416 0 22976 0
140112 122960 168000 98924 0 22788 0
142928 126820 169244 96620 0 22808 0
143912 124724 175224 100644 0 22868 0
140760 124492 171112 96348 0 22988 0
143712 124764 172432 100252 0 22756 0
129328 128888 164968 99284 0 22896 0
