42.2
42.0
41.8
42.1
42.4
42.7
43.0
43.1
42.8
43.0
43.3
43.5
43.8
43.9
44.0
44.0
44.2
44.0
44.0
44.0
44.1
44.2
44.3
44.3
44.4
44.5
44.6
44.7
44.9
44.9
44.9
44.9
45.0
45.0
45.0
45.0
45.1
45.1
45.2
45.2
45.2
45.2
45.2
45.3
45.3
45.2
45.2
45.2
45.1
45.2
45.2
45.3
45.3
45.2
45.2
45.3
45.3
45.3
45.4
45.3
45.3
45.3
45.4
45.3
45.4
45.4
45.4
45.3
45.3
45.4
45.4
45.3
45.2
39.1
39.0
39.4
39.5
39.8
40.3
40.7
41.1
35.7
43.4
37.4
37.5
38.0
45.1
44.9
44.9
45.0
45.0
45.0
45.1
44.6
44.2
44.2
44.2
44.2
44.0
37.2
37.0
36.7
36.4
36.3
36.2
36.4
44.5
44.5
44.1
43.5
43.5
43.6
43.1
42.9
43.0
42.6
42.9
43.2
43.5
43.8
44.0
44.2
44.5
44.6
44.7
44.8
44.9
45.1
45.1
45.2
45.3
45.3
45.4
45.4
45.1
38.4
38.5
38.8
38.9
44.7
44.7
44.8
44.9
44.9
45.0
45.1
45.1
45.2
45.3
45.3
45.4
45.5
45.5
45.6
45.6
45.6
45.6
45.6
45.7
45.6
45.6
45.6
45.7
45.8
45.7
45.7
45.7
45.7
45.7
45.6
45.7
45.7
45.7
45.7
45.7
45.3
45.3
44.9
44.5
44.1
38.4
38.3
38.2
38.2
45.3
45.2
45.3
45.3
45.4
45.4
