26.7
46.5
38.6
38.7
38.8
38.8
38.3
43.4
43.5
43.7
43.8
38.4
38.2
38.7
39.0
38.9
38.8
38.6
38.6
38.7
38.6
38.2
38.7
39.1
39.3
39.1
39.0
39.0
38.8
38.5
38.4
38.2
38.3
38.1
38.0
37.7
37.1
36.9
36.6
36.6
36.4
36.3
36.2
36.5
42.2
41.7
41.5
41.4
41.4
41.1
41.6
42.0
42.4
42.8
43.2
43.3
43.5
43.7
43.9
43.8
43.4
42.9
43.2
43.5
43.7
43.9
44.1
44.3
44.4
44.5
44.7
44.7
44.8
44.9
45.0
45.0
45.1
45.1
45.1
45.0
44.8
44.8
44.8
44.8
44.8
44.8
44.7
44.4
43.9
43.6
43.4
42.8
42.3
42.4
41.8
41.6
41.3
40.9
40.8
40.6
40.2
33.9
33.7
33.9
34.0
42.8
43.0
43.3
43.5
43.7
43.9
44.1
44.3
44.4
44.5
44.7
44.8
44.9
44.9
45.0
45.0
45.0
45.0
39.3
39.7
39.6
40.0
45.7
45.6
45.5
45.4
45.4
45.5
45.5
45.5
45.5
45.4
45.0
45.0
44.9
44.7
44.1
43.8
43.8
44.0
44.1
44.2
44.3
44.5
44.6
44.7
44.9
45.1
45.1
45.2
45.3
45.3
45.3
45.4
45.4
45.5
45.5
45.5
45.5
45.5
45.6
45.6
45.7
45.7
45.7
45.7
45.7
45.7
45.6
45.5
45.5
45.6
45.6
45.6
45.6
45.5
45.5
45.6
45.6
45.6
45.6
45.6
45.7
45.7
45.7
45.7
45.7
45.8
45.7
45.6
45.4
40.1
34.5
34.4
34.5
34.8
34.8
34.9
35.1
35.5
44.3
44.4
44.4
44.6
44.6
44.8
44.6
44.2
44.1
44.3
44.4
43.7
36.8
36.9
37.0
37.0
37.1
37.3
37.7
38.1
38.6
44.1
43.9
43.7
43.4
43.0
43.1
42.6
35.9
36.1
45.1
45.0
45.0
45.0
45.0
45.0
45.0
45.0
45.1
45.2
45.2
45.0
45.0
45.1
45.1
38.4
45.5
45.4
45.5
45.6
45.6
45.5
45.5
45.4
44.9
45.0
45.1
45.1
45.2
45.4
45.4
45.5
45.4
45.5
45.4
45.0
44.4
44.1
43.6
43.1
42.8
42.7
42.6
43.0
43.3
43.6
43.8
44.1
44.3
44.4
44.6
44.7
44.8
44.9
45.0
45.1
45.1
45.2
45.2
45.2
44.7
44.8
44.9
45.0
45.1
45.2
45.3
45.2
