26.0
26.2
26.3
26.4
26.4
26.5
26.6
26.7
26.7
26.7
26.7
26.8
26.8
26.8
26.9
26.9
26.9
26.9
26.9
27.0
27.0
27.0
27.0
27.0
27.0
27.0
27.1
27.1
27.1
27.1
27.0
27.0
27.0
27.1
27.0
27.0
27.1
27.1
27.1
27.0
27.0
27.0
27.0
27.0
27.0
27.0
27.0
27.0
27.0
27.0
27.0
26.9
27.0
27.0
27.0
27.0
27.0
27.0
27.0
27.0
27.1
27.0
27.0
27.0
27.0
27.0
27.0
27.0
27.0
27.0
32.4
27.2
27.2
27.1
27.1
27.1
27.1
27.1
34.9
34.8
34.7
27.0
27.0
27.0
27.0
27.0
27.0
27.0
27.0
27.0
27.0
27.0
27.0
27.0
27.0
27.0
27.0
27.1
27.0
27.0
27.1
27.0
27.0
27.0
27.0
27.0
27.0
27.0
27.0
27.0
27.0
27.0
27.0
27.0
27.0
27.0
27.0
27.0
27.0
27.0
27.0
27.0
27.0
27.0
27.0
26.9
26.9
26.9
26.9
27.1
27.0
27.0
27.0
27.0
27.0
27.0
27.0
27.0
27.0
27.0
27.0
27.0
27.0
27.0
27.0
27.0
27.0
27.0
27.0
27.0
27.0
27.0
27.0
26.9
27.0
27.0
27.0
27.0
27.0
27.0
27.0
27.0
27.0
27.0
27.0
27.0
27.0
27.0
27.0
27.0
27.0
27.0
27.0
27.0
27.0
26.9
27.0
27.0
27.0
27.0
27.0
26.9
27.0
27.0
26.9
27.0
26.9
27.0
26.9
26.9
26.9
26.9
26.9
26.9
26.9
26.9
27.0
26.9
26.9
27.0
27.0
27.0
27.0
27.0
27.0
27.0
27.0
27.1
27.0
27.0
27.0
27.0
27.0
27.0
27.0
27.0
27.0
27.0
27.1
27.0
27.1
27.0
27.1
27.1
27.1
27.1
27.0
27.0
27.0
27.1
27.0
27.0
27.0
27.2
27.3
27.5
27.4
27.4
27.3
27.3
27.2
27.2
27.1
27.1
27.1
27.1
27.0
27.0
27.0
27.0
27.0
27.0
27.0
27.0
27.0
27.0
27.0
27.0
27.0
27.0
27.0
27.0
27.0
27.0
27.0
27.0
27.0
27.0
27.0
27.0
27.0
27.0
27.0
27.0
27.1
27.1
27.1
27.1
27.1
27.1
27.1
27.1
27.1
27.1
27.1
27.1
27.0
27.0
27.0
27.0
27.0
27.0
27.0
27.1
27.1
27.1
27.1
27.1
27.1
27.0
27.0
27.0
27.0
27.0
27.0
27.0
27.0
27.0
27.0
27.0
27.1
27.1
27.1
27.1
27.0
27.1
27.1
27.0
27.0
27.0
27.0
27.0
26.9
26.9
27.1
27.1
27.1
27.1
27.2
27.1
27.1
27.1
27.1
27.1
27.1
27.1
27.0
27.0
27.1
27.1
27.0
27.0
27.0
27.0
27.1
27.0
27.0
27.0
27.0
27.1
27.1
27.1
27.0
27.0
27.1
27.1
27.0
27.0
27.1
27.1
27.0
27.0
27.0
27.0
27.0
27.0
27.1
27.1
27.1
27.0
27.1
27.1
27.1
27.0
27.0
27.0
27.0
27.0
27.0
27.1
27.1
27.1
27.1
27.0
27.0
27.1
27.1
27.1
27.1
27.1
27.1
27.0
27.0
27.0
27.0
27.0
27.0
27.0
27.1
27.1
27.1
27.1
27.1
27.0
27.0
27.0
27.0
27.0
27.1
27.0
27.0
27.1
27.1
27.0
27.0
27.0
27.0
27.1
27.1
27.0
27.0
27.0
27.0
27.0
27.0
27.0
27.0
27.0
27.0
27.0
27.0
27.0
27.0
27.0
27.0
27.0
27.0
27.0
27.0
27.0
27.0
27.0
27.0
27.0
27.0
27.0
27.1
27.1
27.0
27.0
27.0
27.0
27.0
27.0
27.0
26.9
27.0
27.0
27.0
27.0
27.0
27.0
26.9
26.9
27.0
26.9
26.9
26.9
26.9
26.9
26.9
26.9
