38.2
38.0
37.9
44.7
44.7
44.8
44.8
44.8
44.5
44.4
43.9
43.9
43.8
43.9
43.5
42.9
42.5
41.9
41.4
41.0
41.4
41.9
42.3
42.6
42.8
43.1
43.3
43.6
43.6
43.8
43.8
43.3
43.3
43.5
43.7
43.9
44.0
43.9
44.1
43.9
44.0
43.8
43.2
43.4
43.2
36.6
37.2
43.0
42.6
36.8
44.9
44.5
44.2
44.2
39.1
39.2
39.7
40.0
40.4
40.4
40.4
40.7
41.2
41.7
42.1
42.4
42.8
43.1
43.4
43.5
43.7
43.7
43.2
37.4
37.3
37.6
37.9
38.4
38.8
38.9
38.7
38.7
38.9
38.9
39.0
39.0
38.9
38.9
38.9
38.9
39.1
38.8
38.3
38.0
37.8
37.7
37.4
37.3
37.8
38.3
38.6
45.3
45.2
45.1
45.1
44.9
44.9
44.9
44.9
44.3
37.6
44.7
44.7
44.8
44.9
45.1
45.1
45.2
45.2
45.3
45.3
35.9
35.8
35.7
43.6
43.1
35.1
35.1
35.2
35.3
35.5
35.6
35.5
42.6
42.8
43.1
43.4
43.6
43.9
44.0
44.2
44.4
44.5
44.6
44.7
44.9
44.9
45.0
45.0
44.8
44.2
39.1
38.7
38.3
44.1
44.3
44.4
44.5
44.6
44.7
44.8
44.9
44.9
44.9
44.9
45.0
45.0
44.8
44.6
44.7
44.8
44.9
45.0
45.1
45.1
45.2
45.3
45.3
45.3
45.3
45.3
45.3
45.3
45.0
44.6
37.8
43.0
43.0
42.9
43.3
43.2
43.6
43.9
44.4
44.8
57.6
57.7
57.8
58.0
57.8
49.9
49.4
49.0
48.6
48.0
39.7
39.7
39.8
49.9
50.0
44.1
44.2
44.3
44.6
44.8
44.9
45.0
45.1
45.2
45.2
45.3
45.3
45.4
45.4
45.5
45.5
45.5
45.5
45.5
45.5
45.4
45.4
45.5
45.5
45.5
45.6
45.6
45.6
45.6
45.7
45.3
45.1
45.1
45.1
45.2
45.3
45.4
45.4
45.5
45.2
44.8
38.8
39.3
46.1
46.1
46.1
46.1
46.0
45.5
39.3
45.3
45.4
45.4
45.5
45.5
45.6
45.5
45.5
45.5
45.5
45.5
45.6
45.5
45.5
45.5
45.2
45.1
44.8
37.6
44.7
44.8
44.6
39.1
39.1
44.7
44.5
44.3
44.5
44.6
44.7
44.7
44.4
43.9
38.8
39.1
39.3
39.6
39.6
39.6
44.9
