26.2
26.1
35.5
36.0
42.6
31.4
31.6
31.8
31.6
31.6
32.1
37.4
31.8
31.5
31.6
52.2
34.1
33.5
33.7
33.6
33.1
26.6
26.5
26.4
26.3
26.2
26.1
26.1
26.0
25.9
25.9
25.8
35.9
25.3
25.3
25.4
26.4
26.6
26.7
26.7
26.7
26.7
26.6
26.7
26.7
26.7
26.7
26.7
26.7
26.7
26.7
26.7
26.8
26.7
26.7
26.7
26.8
26.8
27.0
27.0
26.9
26.9
26.9
26.9
26.8
26.7
26.7
26.7
26.7
26.7
26.7
26.7
26.7
26.6
26.6
26.6
26.6
26.6
26.6
26.6
26.6
26.7
26.7
26.8
26.8
26.8
26.7
26.8
26.7
26.7
26.7
26.6
26.6
26.6
26.6
26.6
26.6
26.6
26.6
26.5
26.5
26.5
26.5
26.5
26.5
26.8
26.8
26.7
26.7
26.7
26.7
26.7
26.7
26.7
26.7
26.6
26.6
26.6
26.6
26.6
26.6
26.5
26.6
26.6
26.5
26.6
26.5
26.5
26.5
26.5
26.5
26.4
26.4
26.4
26.4
26.4
26.5
26.5
26.4
26.5
26.6
26.6
26.5
26.7
26.7
26.6
26.7
26.6
26.6
26.6
26.6
26.6
26.6
26.6
26.7
26.7
26.7
26.8
26.7
26.7
26.7
26.7
26.6
26.6
26.6
26.5
26.6
26.7
26.8
26.7
26.7
26.8
26.7
26.7
26.7
26.7
26.7
26.7
26.7
26.7
26.6
26.6
26.6
26.6
26.6
26.6
26.6
26.6
26.5
26.6
26.6
26.6
26.6
26.6
26.5
26.5
26.5
26.5
26.4
26.5
26.5
26.5
26.4
26.5
26.5
26.5
26.5
26.5
26.5
26.5
26.5
26.5
26.5
26.6
26.5
26.5
26.5
32.8
26.4
26.4
26.4
26.4
26.4
26.4
26.5
26.4
26.4
26.5
26.5
26.5
26.5
26.5
26.5
26.4
26.5
26.6
26.6
26.5
26.5
26.5
26.4
26.5
26.5
26.4
26.4
26.5
26.6
26.8
26.8
26.8
26.8
26.8
26.7
26.7
26.7
26.8
26.8
26.9
26.9
26.8
26.9
26.8
27.2
36.4
28.2
28.0
27.8
27.6
34.5
26.4
26.4
26.4
26.5
26.5
26.4
26.5
26.4
26.5
26.5
26.5
26.5
26.5
26.5
26.5
26.5
26.5
26.5
26.5
26.6
26.7
26.6
26.6
26.6
26.6
26.6
26.5
26.6
26.6
26.5
26.5
26.5
26.5
26.6
26.5
26.5
26.5
26.5
26.6
26.6
26.6
26.5
26.5
26.7
26.7
26.7
26.6
26.6
26.6
26.5
26.6
26.6
26.6
26.5
26.7
26.8
26.8
26.7
26.7
26.7
26.6
26.6
26.6
26.6
26.6
26.6
26.6
26.6
26.6
26.5
26.5
26.5
26.5
26.5
26.5
26.5
26.5
26.5
26.5
26.5
26.5
26.5
26.7
26.6
26.6
26.6
26.6
31.8
26.6
26.6
26.5
26.5
26.5
26.6
26.6
26.5
26.5
26.5
26.5
26.5
26.6
26.6
26.5
26.5
26.5
26.5
26.5
26.5
26.6
26.6
26.5
26.5
26.5
26.5
26.5
26.6
26.6
26.6
26.6
26.6
26.6
26.5
26.5
26.5
26.5
26.5
26.5
26.5
26.5
26.5
26.5
26.5
26.6
26.5
26.5
26.6
26.6
26.5
26.5
26.6
26.6
26.5
26.6
26.5
26.5
26.5
26.5
26.5
26.5
26.5
26.5
26.5
26.5
26.5
26.5
26.5
26.5
26.5
26.5
26.5
26.5
26.5
26.5
26.5
26.5
26.4
26.4
26.5
26.5
26.5
26.5
26.5
26.5
26.5
26.5
26.5
26.5
26.5
26.5
26.5
26.5
26.5
26.5
26.5
26.5
26.5
26.5
26.4
26.5
26.5
26.4
26.4
26.4
26.4
26.4
26.4
26.4
26.4
26.4
26.4
26.4
26.5
26.5
26.5
26.5
26.5
26.5
26.5
26.5
26.5
26.5
26.4
26.4
26.5
26.5
26.5
26.4
26.4
26.5
26.4
26.4
26.4
26.5
26.5
26.4
26.4
26.4
26.5
26.5
26.5
26.5
26.4
26.5
26.7
26.7
26.6
26.6
26.6
26.6
26.6
26.5
26.5
26.5
26.5
26.5
26.5
26.5
26.5
26.5
26.5
26.5
26.5
26.5
26.5
26.5
26.5
26.5
26.5
26.5
26.5
26.6
26.6
26.6
26.6
26.6
26.6
26.6
26.6
26.5
26.5
26.5
26.5
26.5
26.5
26.5
26.5
26.5
26.5
26.8
26.7
26.7
26.7
26.7
26.6
26.6
26.6
26.6
26.6
26.6
26.5
26.5
26.5
26.5
26.5
26.5
26.6
26.6
26.5
26.6
26.5
26.5
26.5
26.5
26.5
26.5
26.4
26.4
26.4
26.4
26.4
26.4
26.4
26.4
26.5
26.5
26.5
26.4
26.4
26.4
26.5
26.5
26.5
26.5
26.5
26.5
26.5
26.5
26.4
26.4
26.5
26.5
26.5
26.5
26.4
26.5
26.5
26.5
26.5
26.4
26.4
26.4
26.5
26.5
26.4
26.4
26.4
26.4
26.4
26.4
26.4
26.4
26.4
26.5
26.4
26.4
26.4
26.4
26.5
26.5
26.4
26.4
26.4
26.4
26.5
26.4
26.4
26.4
26.4
26.4
26.4
26.4
26.4
26.4
26.4
26.4
26.4
26.4
26.4
26.4
26.4
26.4
26.4
26.5
26.5
26.4
26.5
26.4
26.4
26.5
26.5
26.4
26.4
26.4
26.4
26.5
26.5
26.4
26.4
26.4
26.5
26.5
26.5
26.5
26.5
26.5
26.5
26.5
26.5
26.5
26.5
26.5
26.5
26.5
26.5
26.5
26.5
26.5
26.5
26.5
26.5
26.5
26.5
26.5
26.5
26.4
26.4
26.4
26.5
26.4
26.5
26.5
26.5
26.5
26.4
26.4
26.5
26.4
26.5
26.5
26.5
26.5
26.5
26.5
26.5
26.5
26.6
26.6
26.6
26.6
26.6
26.6
26.6
26.6
26.6
26.6
26.5
26.5
26.5
26.5
26.5
26.7
50.9
50.7
26.4
26.4
26.4
26.4
26.4
26.4
26.4
26.4
26.7
26.7
26.7
26.6
26.6
26.6
26.6
26.5
26.6
26.6
26.5
26.5
26.5
26.5
26.5
26.5
26.5
26.4
26.4
26.4
26.5
26.4
26.4
26.4
26.4
26.5
26.4
26.4
26.4
26.4
26.5
26.5
26.5
26.5
26.5
26.5
26.5
26.5
26.4
26.5
26.5
26.4
26.5
26.5
26.4
26.4
26.5
26.5
26.5
26.4
26.4
26.5
26.4
26.4
26.4
26.4
26.5
26.4
26.5
26.5
26.5
26.5
26.5
26.5
26.5
26.4
26.4
26.5
26.4
26.5
26.5
26.6
26.6
26.5
26.5
26.5
26.5
26.5
26.5
26.5
26.5
26.5
26.5
26.5
26.6
26.6
26.6
26.6
26.5
26.5
26.9
26.9
26.8
26.8
26.7
26.7
26.7
26.7
26.6
26.6
26.9
27.1
27.0
26.9
26.9
26.8
26.8
26.7
26.7
26.6
26.6
26.6
26.6
26.5
26.6
26.5
26.5
26.6
26.6
26.5
26.5
26.6
26.6
26.5
26.5
26.5
26.5
26.5
26.5
26.5
26.4
26.4
26.5
26.4
26.4
26.4
26.4
