37.8
48.8
48.8
48.9
48.9
48.8
48.6
48.8
48.7
48.7
48.8
48.8
48.6
48.8
49.0
49.0
49.1
49.2
49.2
49.2
49.3
49.4
49.4
49.5
49.5
49.6
49.6
49.7
49.7
49.8
49.8
49.9
49.9
50.0
50.0
49.8
49.2
49.1
49.0
49.0
49.1
49.2
49.3
49.4
49.5
49.5
49.5
49.4
49.3
49.3
49.4
49.5
49.5
49.6
49.7
49.6
49.7
49.6
49.6
49.6
49.6
49.6
49.5
49.5
49.5
49.6
49.7
49.6
49.7
49.7
49.9
50.0
49.9
49.7
49.8
49.8
49.9
49.7
49.7
49.7
49.6
49.6
49.6
49.6
49.7
49.7
49.8
49.9
49.9
50.0
49.9
49.8
49.9
49.9
49.8
49.8
49.8
49.8
49.7
49.8
49.8
49.9
49.8
49.2
49.1
49.1
43.8
49.7
49.6
49.7
49.7
49.8
49.9
49.9
50.0
50.2
50.0
50.0
49.8
49.6
49.6
49.5
49.5
49.6
49.6
49.7
49.6
49.6
49.7
49.7
49.6
49.6
49.6
49.6
49.6
49.6
49.7
49.8
49.8
49.8
49.8
49.7
49.7
49.7
49.5
49.5
49.5
49.4
49.4
49.5
49.6
49.6
49.7
49.7
49.7
49.7
49.5
49.6
49.7
49.6
49.5
49.4
49.5
49.5
49.4
49.5
49.6
49.7
49.7
49.5
49.5
49.5
49.2
49.2
49.2
49.3
49.4
49.5
49.6
49.7
49.8
49.8
49.9
49.9
49.8
49.7
49.7
49.7
49.8
50.0
50.0
50.0
50.0
50.0
50.0
50.0
49.9
50.2
50.5
50.5
50.4
50.3
50.2
50.3
50.3
50.3
50.3
50.0
50.0
49.9
49.8
49.7
49.6
49.7
49.6
49.6
49.6
49.6
49.6
49.3
49.2
49.3
49.2
49.1
48.7
48.7
48.7
48.7
48.6
48.7
48.9
49.1
49.3
49.5
49.6
49.5
49.7
49.9
50.0
50.1
50.1
50.2
50.2
49.7
49.7
49.7
49.8
49.9
49.9
50.0
50.1
50.2
50.1
50.2
50.1
50.2
50.1
50.2
50.3
50.4
50.4
50.5
50.6
50.5
50.6
50.7
50.7
50.7
50.7
50.8
50.8
50.9
50.9
50.8
50.8
50.8
50.5
50.5
50.4
50.5
50.4
50.4
50.5
50.5
50.5
50.6
50.5
50.5
50.3
50.3
50.3
50.4
50.4
50.5
50.5
50.6
50.6
50.7
50.7
50.7
50.6
50.6
50.5
50.6
50.5
50.5
