26008 137341 127547 1134 470623 20152 40280
25812 141154 122846 1101 471623 20164 40287
25380 143269 126235 1111 471024 20158 40273
25862 138821 126545 1117 469059 20145 40292
25458 144027 126766 1067 469548 20145 40272
25467 128188 125827 1128 469316 20154 40294
25734 136005 126999 1176 469401 20155 40248
25456 127817 124332 1120 470167 20142 40285
25867 142261 126183 1046 471849 20163 40295
25310 134597 125394 1187 470295 20160 40295
25776 137353 123998 1153 470398 20153 40299
25267 141292 122768 1124 470923 20165 40270
25425 135164 126056 1167 469276 20155 40280
25378 135233 127045 1083 470302 20154 40293
25482 143159 126777 1105 470525 20154 40292
25868 132552 126779 1219 471863 20154 40278
25377 144361 127591 1072 470119 20164 40262
25417 137972 122824 1140 470208 20150 40287
25931 139580 125521 1136 470559 20163 40281
25670 130380 124830 1112 469786 20168 40284
25853 138216 128245 1106 470758 20166 40283
25798 138557 126477 1099 471329 20144 40287
25822 133661 126329 1148 468787 20156 40280
25394 130164 126065 1149 470355 20135 40292
25815 136179 124077 1115 470093 20163 40266
25775 137121 128393 1146 470825 20163 40278
25317 137797 124654 1131 470900 20157 40289
25848 135715 126791 1116 470234 20163 40292
25819 141159 124189 1117 469994 20148 40289
25319 140580 125764 1107 469298 20154 40269
25362 132312 126509 1119 469397 20160 40216
25560 135515 126753 1145 469456 20160 40278
25303 135380 127670 1025 469615 20164 40304
25337 141886 121337 1142 469889 20155 40295
25832 129488 125694 1125 469634 20158 40288
25403 132660 124746 1167 469048 20171 40305
25455 134360 127058 1181 470242 20149 40278
25408 131969 125095 1142 470251 20168 40297
25542 141701 125976 1107 468972 20157 40235
25354 135392 126201 1088 470568 20160 40280
25910 141402 128243 1114 471076 20159 40225
25424 137758 125913 1127 469304 20150 40284
25319 131119 124493 1153 467506 20164 40283
25794 135387 124727 1125 468968 20168 40297
25468 142381 127612 1132 469887 20157 40281
25444 133344 123520 1094 470077 20165 40296
25982 129204 122766 1129 469421 20147 40290
25934 137765 127578 1133 468253 20160 40284
25440 136338 125619 1133 469942 20173 40283
25824 127611 125497 1076 469350 20151 40291
