798413 152203 48977 4254 45483 59011 113149
798295 150023 48765 4295 45581 54672 112171
977294 144670 49325 4097 45662 58934 111743
864095 151221 48496 4210 45741 58443 113768
829431 143270 49938 4686 45564 59672 114344
804597 147607 48681 4154 45585 58492 114111
796811 153696 48448 4183 45585 57839 113724
976634 153505 48358 3910 45477 59079 114573
807373 149444 48345 4179 45749 59656 114210
802196 151688 48656 4275 45747 59509 112594
804353 154332 48927 4501 45494 58520 113162
796224 140871 48653 4364 45677 58629 113692
930393 148745 48546 4396 45635 57161 113911
903443 148140 48481 4723 45485 59499 114214
932293 150790 48635 4299 45530 56335 112785
981807 150795 48842 4488 45583 57337 113650
890777 150044 48624 4268 45752 59457 113752
927086 148320 49017 4407 45828 58285 113613
933202 149905 48681 4469 45911 56599 113996
963284 151736 48813 4281 45430 59630 114306
804085 151236 49164 4300 45678 58630 114333
826282 152363 48854 4430 45594 58266 114454
810206 153202 48580 4332 45565 58867 113787
800403 152216 48521 4231 45862 59058 114549
796486 139735 48326 4281 45591 59418 113430
839603 145200 49056 4548 45567 56139 114290
805082 148120 48911 4525 45607 58456 113833
800751 143501 49140 4051 45573 58574 113796
844661 145702 48458 4205 45826 58659 114263
816226 152633 48638 4397 45782 59089 114760
883351 152266 48786 4260 45521 58900 113734
955453 149995 49076 4282 45727 58171 114574
798996 147606 48030 4141 45501 59736 114322
803734 152045 48226 3943 45671 54775 113452
843235 151585 48943 4464 45730 58627 113915
960718 151762 48541 4388 45656 58218 113975
833748 149222 49164 4294 45689 58250 113781
795819 148182 48714 4267 45516 58538 114257
977350 151254 48268 4222 45630 59516 114249
804439 151326 49348 4170 45605 58802 113893
797523 152325 48615 4361 45739 58461 114063
802790 148638 48597 4076 45620 58461 113749
803499 143612 49034 4250 45728 59234 113942
949074 144462 48405 4109 45833 59529 113818
929065 145570 49059 4248 45569 59208 113999
811596 151744 49271 4109 45615 57405 113872
809247 144126 48644 4211 45658 58864 113968
843774 142643 49024 4203 45628 58683 113876
800046 146465 48615 4298 45607 58594 114759
824446 147079 48828 4140 45677 59723 115081
