85715 82514 65793 4240 40001 58695 84457
85815 82783 65906 4352 40001 59079 83841
85633 83850 65782 4435 40001 59385 84544
85793 82386 65849 4365 40001 59148 84179
85885 82769 65749 4544 40001 59146 84885
85787 83231 65989 4474 40001 58861 83753
85592 82348 65868 4384 40001 59281 84235
85979 82300 65918 4509 40001 58090 84219
85948 82579 65801 4404 40001 59374 84029
85827 82196 66005 4189 40001 59406 84519
85990 82000 65767 4327 40001 59183 86003
85788 82570 65851 4256 40001 59491 83656
85808 83273 65689 4229 40001 59259 84716
85684 83556 66040 4289 40001 59414 83978
85809 82487 65753 4320 40001 59295 84537
85805 82041 65877 4431 40001 58976 83959
85654 83059 65753 4331 40000 59400 83523
85865 82638 65844 4335 40001 59556 84326
85708 82912 65816 4332 40001 58949 84962
86117 83043 65782 4163 40001 58096 83851
86006 82424 65734 4274 40001 59092 84523
85545 82384 65758 4360 40001 58790 83813
86149 82299 65879 4453 40001 59092 83886
86127 82969 66047 4026 40001 59135 85184
85832 82404 65872 4303 40001 59186 84521
85874 82099 65704 4427 40001 59405 85239
85753 82438 65892 4343 40001 59080 84852
86057 82259 65966 4515 40001 58781 83864
85940 82934 65781 4552 40001 59076 84007
85774 82808 65761 4286 40001 59384 84160
85984 83268 66041 4370 40001 58839 84069
85757 82259 66031 4545 40001 59426 83821
85636 82990 65892 4261 40001 59502 84187
85853 82842 65748 4148 40001 59284 84274
86087 82326 65962 4372 40001 59068 84987
85720 82139 65798 4401 40001 59160 84156
85925 81997 65903 4297 40001 59375 83646
85866 82532 65785 4487 40001 58899 84334
86145 83436 65762 4216 40001 58871 85418
85918 82084 65850 4208 40001 59034 84414
86035 83355 65934 4573 40001 59185 84448
85734 83490 65799 4158 40001 59143 84040
85946 82192 65714 4018 40000 59304 83993
85842 82314 65990 4585 40001 59397 83909
86069 82739 65976 4275 40001 59140 84619
85611 82603 65717 4489 40001 59449 84088
86021 82724 65783 4311 40001 59028 84118
85911 82905 65938 4334 40000 59218 84274
85812 82008 65677 4341 40001 58626 83732
85794 82472 65729 4591 40001 59040 84356
