72.1
43.0
37.0
37.4
44.3
43.8
30.3
37.6
37.3
37.4
37.1
29.1
29.7
30.3
30.6
30.8
39.5
39.2
38.7
32.4
32.2
26.0
26.0
26.1
26.1
26.1
26.1
26.2
26.1
26.2
26.2
26.6
26.5
26.5
26.5
33.6
32.4
32.0
31.3
31.0
30.8
30.4
30.5
30.4
30.4
30.0
30.0
30.0
30.0
29.7
29.7
29.7
29.8
29.9
29.5
29.6
29.6
29.7
29.8
29.8
29.8
29.8
29.8
29.9
29.5
29.8
29.8
29.8
30.0
29.5
29.6
29.7
29.8
29.8
29.5
29.5
29.5
29.4
29.5
29.3
29.3
29.5
29.6
29.6
29.4
29.3
29.4
29.4
29.6
29.6
29.3
29.5
29.5
29.6
29.6
29.4
29.5
29.6
29.6
29.6
29.3
29.5
29.6
29.6
29.4
29.3
29.4
29.5
29.5
29.4
29.3
29.4
29.5
29.6
29.7
29.3
29.4
29.5
29.6
29.7
29.5
29.3
29.4
29.5
29.6
29.6
29.3
29.5
29.6
29.6
29.7
29.3
29.4
29.4
29.5
29.6
29.6
29.4
29.5
29.6
29.6
29.7
29.7
29.7
29.8
29.9
29.9
29.6
29.6
29.7
29.8
29.8
29.5
29.5
29.6
29.7
29.7
29.5
29.3
29.4
29.5
29.6
29.6
29.3
29.4
29.5
29.6
29.5
29.2
29.3
29.4
29.4
29.5
29.3
29.2
29.4
29.5
29.5
29.3
29.2
29.3
29.4
29.5
29.5
29.2
29.3
29.5
29.5
29.5
29.2
29.3
29.2
29.4
29.5
29.2
29.2
29.3
29.4
29.5
29.4
29.2
29.3
29.3
29.4
29.4
29.1
29.2
29.4
29.4
29.5
29.1
29.3
29.4
29.4
29.5
29.2
29.2
29.3
29.4
29.5
29.4
29.3
29.3
29.4
29.6
29.5
29.2
29.3
29.4
29.4
29.4
29.2
29.2
29.3
29.3
29.4
29.4
29.1
29.2
29.3
29.4
29.6
29.3
29.3
29.4
29.3
29.5
29.1
29.2
29.3
29.4
29.4
29.2
29.3
35.1
34.5
34.0
28.4
28.3
28.5
28.7
28.9
28.7
29.2
29.3
29.4
29.6
29.7
29.4
29.4
29.5
29.6
29.7
29.3
29.6
29.7
29.8
29.8
29.5
29.4
29.5
29.6
29.7
29.7
29.4
29.5
29.7
29.7
29.7
29.4
29.3
29.4
29.5
29.6
29.2
29.3
29.4
29.4
29.5
29.4
29.2
29.3
29.3
29.4
29.4
29.1
29.2
29.5
29.7
29.7
29.4
29.4
29.4
29.5
29.6
29.2
29.2
29.2
38.2
29.9
29.5
29.5
29.6
29.6
29.7
29.4
29.3
29.5
29.5
29.5
29.5
29.3
29.4
29.5
29.5
29.5
29.3
29.4
29.5
29.6
29.7
29.3
29.4
29.4
29.4
29.6
29.3
29.3
29.3
29.4
29.5
29.4
29.1
29.1
29.3
29.3
29.3
29.0
29.1
29.2
29.3
29.4
29.6
29.7
29.7
29.7
29.7
29.4
29.5
29.5
29.6
29.7
29.6
29.4
29.4
29.5
29.6
29.7
29.3
29.3
29.4
29.4
29.5
29.2
29.2
29.4
29.5
29.5
29.3
29.2
29.3
29.5
29.6
29.5
29.3
29.4
29.4
29.5
29.5
29.2
29.3
29.4
29.5
29.5
29.4
29.2
29.4
29.3
29.5
29.5
29.2
29.3
29.3
29.4
29.5
29.2
29.2
29.4
29.5
29.6
29.5
29.3
29.3
29.4
29.5
29.4
29.2
29.3
29.3
29.4
29.5
29.1
29.2
29.5
29.6
29.6
29.2
29.3
29.4
29.5
29.6
29.2
29.3
29.3
29.4
29.4
29.1
29.2
29.3
29.4
29.5
29.2
29.1
29.2
29.4
29.5
29.5
29.2
29.3
29.4
29.5
29.6
29.2
29.3
29.4
29.6
29.6
29.3
29.3
29.4
29.5
29.5
29.4
29.2
29.3
29.4
29.4
29.5
29.2
29.2
29.3
29.4
29.3
29.2
29.3
29.3
29.5
29.5
29.2
29.3
29.3
29.4
29.5
29.1
29.2
29.4
29.5
29.6
29.4
29.3
29.3
29.5
29.5
29.4
29.2
29.3
29.4
29.5
29.5
29.2
29.3
29.4
29.4
29.5
29.2
29.3
29.3
29.4
29.4
29.2
29.2
29.3
29.4
29.5
29.5
29.1
29.3
29.3
29.4
29.5
29.1
29.3
29.3
29.4
29.5
29.1
29.3
29.4
29.5
29.7
29.3
29.3
29.4
29.5
29.5
29.2
29.2
29.3
29.3
29.4
29.4
29.2
29.2
29.4
29.4
29.5
29.1
29.2
29.4
29.4
29.5
29.3
29.2
29.3
29.4
29.4
29.5
29.2
29.3
29.4
29.5
29.5
29.2
29.3
29.3
29.4
29.5
29.2
29.2
29.3
29.4
29.5
29.3
29.3
29.4
29.5
29.6
29.6
29.3
29.3
29.3
29.5
29.5
29.1
29.2
29.3
29.4
29.4
29.2
29.1
29.2
29.3
29.4
29.3
29.2
29.3
29.4
29.4
29.5
29.2
29.3
29.4
29.6
29.6
29.2
29.3
29.4
29.4
29.5
29.3
29.2
29.4
29.4
29.4
29.5
29.2
29.2
29.3
29.4
29.5
29.2
29.4
29.6
29.6
29.7
29.6
29.3
29.3
29.3
29.4
29.2
29.1
29.3
29.4
29.4
29.3
29.1
29.3
29.3
29.4
29.4
29.1
29.2
29.4
29.4
29.5
29.1
29.2
29.4
29.5
29.5
29.2
29.2
29.3
29.4
29.4
29.2
29.3
29.4
29.5
29.5
29.3
29.1
29.4
29.4
29.6
29.6
29.3
29.3
29.3
29.4
29.5
29.3
29.2
29.3
29.4
29.5
29.5
29.2
29.2
29.3
29.3
29.4
29.2
29.2
29.3
29.3
29.4
29.1
29.1
29.3
29.5
29.6
29.5
29.3
29.4
29.5
29.5
29.5
29.2
29.3
29.4
29.5
29.5
29.2
29.2
29.3
29.4
29.5
29.6
29.2
29.3
29.3
29.4
29.5
29.2
29.3
29.4
29.5
29.5
29.3
29.3
29.3
29.3
29.4
29.2
29.2
29.3
29.4
29.4
29.1
29.2
29.3
29.4
29.4
29.2
29.2
29.3
29.4
29.5
29.5
29.2
29.3
29.4
29.4
29.5
29.2
29.2
29.2
29.4
29.4
29.5
29.2
29.3
29.4
29.5
29.5
29.3
29.3
29.4
29.4
29.5
29.1
29.1
29.3
29.4
29.5
29.3
29.1
29.3
29.3
29.5
29.5
29.3
29.4
29.4
29.5
29.6
29.2
29.4
29.5
29.5
29.6
29.2
29.3
29.4
29.4
29.5
29.5
29.3
29.4
29.5
29.6
29.7
29.3
29.4
29.6
29.7
29.7
29.4
29.4
29.5
29.6
29.7
29.7
29.3
29.4
29.4
29.5
29.4
29.2
29.2
29.3
29.3
29.5
29.3
29.2
29.3
29.5
29.6
29.7
29.3
29.4
29.5
29.5
29.6
29.2
29.3
29.4
29.5
29.5
29.3
29.2
29.3
29.4
29.5
29.3
29.2
29.3
29.4
29.5
29.5
29.2
29.3
29.4
29.4
29.5
29.2
29.3
29.4
29.5
29.6
29.3
29.3
29.5
29.5
29.6
29.3
29.3
29.4
29.4
29.5
29.6
29.2
29.3
29.3
29.4
29.5
29.3
29.2
29.3
29.4
29.4
29.2
29.1
29.3
29.4
29.4
29.5
