27.7
65.9
65.8
41.1
40.9
40.6
32.8
33.3
33.2
33.6
33.5
41.3
47.8
37.6
37.4
36.9
31.2
31.7
37.8
37.2
37.0
27.2
27.1
27.0
26.9
26.8
26.7
26.7
26.7
26.6
26.5
26.9
26.8
26.8
26.7
34.5
33.1
28.0
28.5
28.7
28.9
28.6
28.8
28.9
29.1
29.3
29.0
29.1
29.3
29.3
29.4
29.1
29.2
29.3
29.4
29.5
29.2
29.6
29.7
29.6
29.7
29.4
29.5
29.8
29.8
29.7
29.6
29.6
29.7
29.7
29.7
29.6
29.4
29.5
29.5
29.5
29.6
29.2
29.3
29.5
29.5
29.6
29.2
29.3
29.3
29.3
29.5
29.2
29.2
29.3
29.5
29.6
29.3
29.4
29.4
29.5
29.6
29.4
29.3
29.4
29.4
29.5
29.4
29.3
29.4
29.4
29.5
29.5
29.2
29.3
29.4
29.5
29.6
29.3
29.3
29.3
29.4
29.6
29.2
29.2
29.4
29.4
29.5
29.4
29.2
29.3
29.4
29.4
29.4
29.2
29.3
29.3
29.4
29.5
29.3
29.3
29.4
29.5
29.5
29.4
29.5
29.5
29.5
29.7
29.8
29.4
29.5
29.6
29.6
29.7
29.5
29.4
29.6
29.6
29.6
29.6
29.3
29.3
29.4
29.5
29.7
29.4
29.5
29.6
29.6
29.7
29.3
29.4
29.4
29.5
29.5
29.4
29.2
29.4
29.5
29.5
29.4
29.3
29.4
29.5
29.5
29.6
29.2
29.3
29.5
29.5
29.6
29.3
29.2
29.3
29.2
29.4
29.4
29.2
29.3
29.4
29.5
29.5
29.1
29.2
29.3
29.3
29.4
29.2
29.1
29.3
29.4
29.5
29.3
29.3
29.2
29.3
29.5
29.7
29.3
29.4
29.5
29.5
29.6
29.3
29.3
29.4
29.5
29.6
29.4
29.3
29.5
29.5
29.6
29.6
29.3
29.4
29.4
29.5
29.5
29.3
29.2
29.3
29.2
29.3
29.0
29.1
29.2
29.2
29.3
29.3
29.0
29.2
29.3
29.4
29.4
29.7
29.9
29.8
30.0
30.0
29.7
29.6
29.7
29.9
30.0
30.0
29.7
29.7
29.9
30.0
29.8
29.6
29.7
29.7
29.8
29.7
29.6
29.7
29.7
29.8
29.8
29.4
29.3
29.4
29.4
29.5
29.2
29.2
29.3
29.6
29.5
29.2
29.2
29.3
29.5
29.5
29.3
29.2
29.3
29.4
29.4
29.3
29.1
29.2
29.3
29.4
29.5
29.2
29.2
29.4
29.4
29.4
29.4
29.2
29.1
29.3
29.4
29.3
29.0
29.1
29.3
29.5
29.6
29.2
29.2
29.3
29.4
29.5
29.1
29.2
29.2
29.3
29.4
29.1
29.1
29.3
29.3
29.5
29.3
29.2
29.3
29.3
29.4
29.4
29.1
29.1
29.3
29.4
29.4
29.0
29.2
29.3
29.3
29.4
29.0
29.1
29.2
29.3
29.4
29.2
29.1
29.2
29.3
29.9
38.0
26.6
27.0
27.4
27.7
28.0
27.9
28.1
28.3
28.5
28.6
28.6
28.5
28.7
28.9
29.0
29.1
28.9
29.0
29.2
29.2
29.1
29.0
29.1
29.2
29.3
29.3
29.0
29.1
29.2
29.3
29.4
29.0
29.1
29.2
29.3
29.3
29.0
29.1
29.2
29.2
29.4
29.1
29.5
29.5
29.6
29.6
29.4
29.2
29.4
29.5
29.6
29.5
29.2
29.3
29.3
29.4
29.4
29.1
29.2
29.2
29.3
29.4
29.1
29.1
29.3
29.2
29.3
29.1
29.0
29.2
29.2
29.3
29.3
29.1
29.2
29.2
29.3
29.5
29.1
29.1
29.2
29.5
29.5
29.1
29.2
29.3
29.4
29.5
29.3
29.3
29.3
29.5
29.6
29.3
29.3
29.3
29.4
29.4
29.5
29.1
29.2
29.3
29.4
29.4
29.1
29.1
29.3
29.3
29.4
29.3
29.2
29.2
29.4
29.6
29.6
29.2
29.3
29.3
29.4
29.5
29.2
29.2
29.3
29.3
29.4
29.1
29.2
29.3
29.4
29.5
29.2
29.2
29.3
29.3
29.5
29.5
29.2
29.3
29.3
29.4
29.5
29.2
29.3
29.5
29.7
29.7
29.4
29.3
29.2
29.3
29.4
29.3
29.2
29.3
29.3
29.3
29.3
29.0
29.1
29.3
29.4
29.5
29.1
29.2
29.3
29.3
29.4
29.1
29.1
29.2
29.3
29.4
29.1
29.1
29.3
29.4
29.5
29.5
29.1
29.2
29.3
29.3
29.4
29.1
29.2
29.3
29.4
29.3
29.1
29.0
29.1
29.2
29.4
29.2
29.0
29.1
29.1
29.3
29.3
29.0
29.0
29.1
29.2
29.3
29.0
29.1
29.3
29.4
29.5
29.4
29.2
29.3
29.3
29.4
29.0
29.1
29.1
29.2
29.3
29.3
29.0
29.2
29.2
29.3
29.4
29.0
29.1
29.2
29.3
29.4
29.2
29.1
29.2
29.2
29.3
29.3
28.9
29.0
29.3
29.2
29.3
29.0
29.1
29.2
29.4
29.4
29.1
29.1
29.2
29.3
29.4
29.4
29.1
29.2
29.3
29.4
29.5
29.2
29.2
29.3
29.4
29.5
29.3
29.2
29.3
29.3
29.4
29.4
29.1
29.3
29.4
29.4
29.3
29.1
29.2
29.3
29.4
29.5
29.1
29.2
29.3
29.3
29.4
29.1
29.3
29.5
29.5
29.6
29.3
29.3
29.3
29.4
29.4
29.4
29.1
29.2
29.2
29.3
29.4
29.1
29.2
29.3
29.4
29.5
29.1
29.1
29.3
29.3
29.4
29.4
29.1
29.2
29.3
29.3
29.4
29.1
29.1
29.3
29.4
29.5
29.2
29.2
29.2
29.3
29.3
29.1
29.0
29.1
29.2
29.3
29.3
29.0
29.2
29.4
29.6
29.6
29.2
29.2
29.2
29.3
29.4
29.1
29.1
29.2
29.3
29.4
29.3
29.1
29.2
29.3
29.4
29.4
29.1
29.1
29.3
29.3
29.3
29.0
29.0
29.1
29.1
29.2
29.1
28.9
29.2
29.3
29.3
29.4
29.1
29.2
29.3
29.5
29.5
29.3
29.1
29.2
29.3
29.3
29.1
29.1
29.1
29.2
29.2
29.3
29.0
29.1
29.2
29.3
29.4
29.0
29.2
29.3
29.3
29.3
29.0
29.1
29.3
29.4
29.5
29.2
29.2
29.2
29.3
29.5
29.2
29.2
29.2
29.3
29.4
29.4
29.1
29.3
29.3
29.4
29.5
29.1
29.1
29.2
29.3
29.5
29.1
29.2
29.3
29.4
29.4
29.3
29.1
29.3
29.4
29.5
29.5
29.2
29.3
29.4
29.5
29.5
29.2
29.3
29.4
29.5
29.5
29.3
29.1
29.2
29.3
29.4
29.3
29.1
29.2
29.3
29.4
29.4
29.1
29.2
29.3
29.4
29.5
29.2
29.3
29.4
29.5
29.6
29.3
29.3
29.4
29.6
29.6
29.5
29.3
29.4
29.4
29.5
29.4
29.1
29.2
29.4
29.5
29.6
29.3
29.3
29.3
29.5
29.5
29.4
29.2
29.2
29.1
29.3
29.1
28.9
29.1
29.1
29.2
29.1
29.0
29.1
29.2
29.3
29.4
29.0
29.1
29.1
29.3
29.4
29.1
29.1
29.2
29.3
29.4
29.1
29.1
29.3
29.4
29.5
29.3
29.2
29.3
29.4
29.4
29.5
29.2
29.2
29.3
29.4
29.5
29.1
