27.9
27.7
27.7
28.1
28.4
35.5
34.9
34.5
33.9
33.6
33.3
33.3
33.0
32.7
32.5
32.5
32.4
32.1
32.1
32.4
32.2
32.1
32.0
31.8
32.1
32.2
32.2
32.5
32.3
32.3
32.1
32.1
32.0
32.2
32.1
32.2
26.8
26.7
26.7
26.8
26.8
35.3
34.9
34.6
34.6
34.4
34.0
33.7
33.4
33.1
33.5
33.0
33.3
32.9
32.6
27.2
27.1
27.1
27.0
27.0
27.2
33.4
33.2
33.2
32.9
32.8
32.4
27.0
26.9
26.8
26.8
27.0
27.0
26.9
26.9
26.9
27.0
27.5
28.1
38.4
32.8
32.4
26.8
26.7
26.7
26.8
27.2
27.2
27.1
27.1
27.1
27.0
27.6
28.1
27.9
27.8
27.6
27.5
28.1
28.7
29.0
29.3
29.7
37.2
36.7
30.9
31.1
31.5
31.4
