40.5
47.0
47.0
46.8
46.7
46.8
46.8
46.7
46.7
46.5
46.6
46.6
46.7
46.7
46.7
46.6
46.7
46.8
46.8
46.9
46.7
46.8
46.8
46.8
46.9
46.9
46.7
46.8
46.8
46.8
46.9
46.8
46.7
46.8
46.9
46.9
47.1
46.8
46.9
46.9
46.9
47.0
46.8
46.7
46.8
46.5
46.7
46.9
46.7
46.8
46.9
47.0
46.9
46.9
46.8
46.9
47.0
47.0
47.1
46.9
46.8
47.0
47.0
47.1
47.2
46.9
47.0
47.1
47.1
47.2
47.1
47.0
47.2
47.2
47.2
47.3
47.1
47.1
47.2
47.3
47.4
47.3
47.1
47.2
47.2
47.3
47.4
47.2
47.2
47.2
47.3
47.3
47.4
47.2
47.2
47.3
47.4
47.4
47.4
47.3
47.4
47.3
47.3
47.4
47.2
47.0
47.0
47.1
47.1
47.2
47.0
47.1
47.2
47.3
47.4
47.4
47.2
47.2
47.3
47.4
47.5
47.3
47.3
47.4
47.5
47.6
47.6
47.4
47.5
47.5
47.6
47.6
47.5
47.5
47.5
47.5
47.6
47.7
47.4
47.5
47.5
47.5
47.6
47.4
47.2
47.3
47.4
47.5
47.3
47.2
47.2
47.2
47.2
47.3
47.3
47.2
47.3
47.3
47.4
47.5
47.3
47.2
47.2
47.2
47.4
47.4
47.2
47.3
47.3
47.5
47.5
47.5
47.4
47.5
47.5
47.6
47.7
47.4
47.5
47.5
47.6
47.6
47.5
47.3
47.4
47.5
47.5
47.5
47.2
47.2
47.3
47.4
47.6
47.3
47.5
47.6
47.4
47.2
47.4
47.4
47.3
47.1
47.2
47.2
47.4
47.2
47.2
47.3
47.4
47.5
47.5
47.3
47.5
47.5
47.6
47.6
47.5
47.5
47.6
47.6
47.4
47.6
47.3
47.4
47.4
47.2
47.2
47.3
47.3
47.3
47.4
47.6
47.6
47.5
47.5
47.6
47.6
47.6
47.7
47.5
47.5
47.6
47.6
47.7
47.7
47.5
47.6
47.6
47.6
47.4
47.4
47.2
47.3
47.4
47.6
47.6
47.4
47.4
47.6
47.8
47.8
47.8
47.6
47.6
47.6
47.6
47.7
47.6
47.6
47.7
47.7
47.8
47.9
47.6
47.6
47.7
47.7
47.8
47.8
47.6
47.7
47.7
47.8
47.8
47.7
47.5
47.6
47.7
47.7
47.8
47.6
47.7
47.8
47.8
47.9
47.8
47.7
47.7
47.8
47.9
47.9
47.7
47.7
47.8
47.9
48.0
48.0
47.8
47.8
47.6
47.7
47.8
47.7
47.5
47.5
47.6
47.7
47.8
47.5
47.5
47.5
47.5
47.7
47.8
47.5
47.6
47.7
47.8
47.9
47.8
47.7
47.8
47.9
48.0
47.9
47.7
47.7
47.8
47.8
47.9
47.9
47.7
47.8
47.9
47.9
48.0
47.6
47.5
47.5
47.6
47.7
47.8
47.6
47.7
47.7
47.9
48.0
47.9
47.7
47.8
47.9
47.9
48.0
47.8
47.8
47.9
47.9
48.0
48.1
47.9
47.9
48.0
48.1
48.1
48.0
47.6
47.7
47.9
47.9
47.9
47.8
47.8
47.8
47.9
48.0
47.9
47.6
47.7
47.8
47.9
47.9
47.9
47.6
47.7
47.8
47.9
48.0
47.8
47.8
47.9
48.0
48.1
48.2
47.9
47.9
48.0
48.1
48.2
48.0
48.0
48.0
48.1
48.1
48.2
47.9
47.9
47.9
48.0
48.1
48.0
47.8
47.8
47.9
47.9
47.8
47.7
47.7
47.8
48.0
48.0
48.1
47.9
47.9
48.0
48.1
48.1
48.0
47.8
47.8
47.9
48.0
48.1
47.9
47.9
47.9
47.9
48.1
48.2
48.0
48.0
48.0
47.9
48.0
48.0
47.8
47.9
47.8
47.8
47.8
47.7
47.6
47.8
47.9
48.0
48.0
47.8
47.8
47.9
48.0
48.1
47.8
