26.2
43.8
43.9
44.0
44.2
44.4
44.5
44.6
44.4
38.2
38.3
38.9
39.3
39.9
40.5
40.8
40.5
41.1
41.6
42.1
42.6
42.9
37.8
44.7
45.1
45.1
45.1
45.2
45.2
45.2
44.6
33.4
33.3
33.4
33.9
34.2
34.6
35.0
35.4
35.8
43.0
42.9
42.8
42.9
42.9
42.7
42.2
37.0
42.2
42.3
42.3
42.7
42.7
36.8
37.0
37.2
37.5
37.6
38.1
38.6
39.0
45.5
39.5
39.5
39.7
40.0
40.1
40.1
39.9
40.1
40.3
40.4
40.2
39.9
39.9
39.6
39.9
39.4
38.9
38.5
39.1
45.5
45.6
45.6
45.6
45.7
45.7
45.8
45.8
45.8
45.7
45.7
45.6
45.2
45.2
45.2
45.3
45.3
45.4
45.4
45.3
45.3
45.3
45.4
45.5
45.6
45.6
45.6
45.6
45.7
45.7
45.7
45.7
45.7
45.8
45.8
45.8
45.8
45.8
45.8
45.2
38.0
43.6
38.4
38.8
45.9
45.9
45.9
45.9
45.7
45.7
45.6
35.7
35.4
35.6
36.1
36.6
36.6
36.5
36.4
36.4
36.8
46.1
46.0
46.0
46.1
46.1
46.1
45.8
45.8
45.3
45.1
44.9
38.2
38.2
38.8
45.7
45.7
45.7
45.7
45.7
45.7
45.7
45.8
45.8
40.5
33.6
33.7
34.1
34.7
35.1
41.3
41.3
41.4
41.8
42.3
42.6
42.9
43.3
43.4
43.2
43.2
43.5
43.5
43.7
43.9
44.2
44.4
44.6
44.8
44.9
45.1
45.1
45.2
45.4
45.4
45.6
45.6
45.7
45.7
45.8
45.8
45.9
46.0
45.9
46.0
45.7
37.6
45.5
45.6
45.5
45.6
45.7
45.8
45.8
45.9
46.0
46.0
46.0
46.0
46.0
46.1
46.1
45.9
46.0
46.0
46.0
46.1
46.1
46.1
46.1
46.1
46.2
46.2
46.0
45.7
45.6
45.6
45.6
45.7
45.7
45.2
44.6
44.1
44.2
44.2
44.4
44.5
44.6
44.7
44.7
44.5
44.5
44.7
44.7
44.8
45.0
45.0
45.2
45.2
45.2
45.3
45.4
45.4
45.3
45.3
45.2
45.2
45.1
45.2
45.3
45.5
45.3
44.9
44.5
44.6
44.8
44.8
44.9
45.1
39.7
39.8
39.5
39.8
40.1
45.9
45.9
46.0
46.0
46.1
46.1
46.2
46.0
46.1
46.1
46.1
46.2
46.2
46.2
46.2
46.2
45.9
45.4
44.9
38.6
43.8
