46.8
76.5
58.6
35.3
35.6
35.9
43.4
37.0
30.9
31.0
31.5
43.8
37.8
37.6
37.8
37.4
37.0
36.4
29.5
29.7
30.0
30.0
29.5
29.1
28.7
28.5
28.2
27.9
27.7
27.5
27.4
27.3
27.6
27.3
29.3
29.1
29.5
29.7
29.4
29.6
29.6
29.8
29.4
29.5
29.7
29.7
29.8
29.5
29.5
29.6
30.0
29.9
29.5
29.6
29.7
29.8
30.2
29.8
29.7
29.8
29.9
29.8
29.5
29.5
29.6
29.7
29.7
29.3
29.3
29.5
29.5
29.5
29.3
29.3
29.4
29.5
29.5
29.3
29.3
29.5
29.5
29.2
29.3
29.3
29.5
29.5
29.4
29.2
29.3
29.4
29.5
29.3
29.3
29.4
29.5
29.2
29.4
29.4
29.2
29.3
29.3
29.2
29.1
29.2
29.2
29.4
29.3
29.0
29.1
29.2
29.3
29.4
29.1
29.1
29.2
29.6
29.6
29.3
29.3
29.4
29.6
29.7
29.6
29.4
29.5
29.5
29.7
29.7
29.3
29.4
29.5
29.5
29.6
29.3
29.3
29.4
29.5
29.6
29.8
29.4
29.4
29.5
29.5
29.7
29.3
29.3
29.4
29.5
29.6
29.2
29.3
29.4
29.4
29.4
29.3
29.2
29.3
29.3
29.4
29.4
29.4
29.3
29.5
29.5
29.4
29.1
29.3
29.2
29.3
29.4
29.1
29.2
29.4
29.5
29.5
29.2
29.3
29.4
29.4
29.5
29.2
29.1
29.2
29.3
29.4
29.3
29.1
29.2
29.3
29.5
29.5
29.1
29.3
29.4
29.4
29.6
29.2
29.2
29.2
29.4
29.4
29.1
29.2
29.3
29.3
29.4
29.1
29.2
29.3
29.4
29.5
29.4
29.1
29.3
29.4
29.4
29.5
29.2
29.3
29.4
29.6
29.7
29.4
29.4
29.4
29.5
29.6
29.3
35.5
29.7
29.7
29.8
29.6
29.3
29.3
29.4
29.4
35.7
27.2
27.5
28.0
28.4
28.6
28.4
28.6
28.8
28.9
29.1
29.4
29.3
29.4
29.4
29.5
29.5
29.2
29.2
29.2
29.4
29.4
29.1
29.1
29.1
29.3
29.4
29.1
29.2
29.4
29.4
29.4
29.2
29.1
29.1
29.3
29.4
29.4
29.1
29.1
29.3
29.3
29.4
29.1
29.2
29.3
29.5
29.5
29.5
29.2
29.3
29.4
29.5
29.5
29.2
29.6
29.6
29.7
29.8
29.7
29.4
29.5
29.5
29.4
29.3
29.1
29.3
29.3
29.4
29.2
29.1
29.2
29.3
29.4
29.2
28.9
29.0
29.2
29.3
29.3
29.0
29.1
29.2
29.3
29.3
29.2
29.0
29.1
29.1
29.3
29.5
29.2
29.2
29.2
29.3
29.4
29.2
29.2
29.4
29.6
29.6
29.4
29.2
29.3
29.3
29.4
29.5
29.2
29.2
29.3
29.4
29.5
29.2
29.2
29.3
29.3
29.4
29.3
29.2
29.2
29.3
29.4
29.4
29.1
29.2
29.2
29.3
29.3
29.0
29.1
29.2
29.3
29.4
29.1
29.1
29.3
29.4
29.4
29.2
29.1
29.1
29.3
29.4
36.4
26.6
27.0
27.3
27.7
27.9
27.8
28.1
28.6
28.9
28.7
29.0
29.1
28.8
29.0
29.1
28.9
28.8
29.0
29.1
28.8
29.0
