26.1
45.9
45.8
45.7
45.6
45.6
45.6
45.6
45.5
45.5
45.6
45.6
45.6
45.6
45.6
45.7
45.7
45.7
45.7
45.7
45.7
45.7
45.8
45.8
45.8
45.7
45.7
45.8
45.8
45.7
45.6
45.6
45.5
45.6
45.6
45.5
45.6
45.6
45.4
45.1
37.6
37.8
45.1
45.0
45.1
45.1
45.2
45.2
45.2
45.3
45.4
45.5
45.5
45.6
45.6
45.6
45.7
45.6
45.6
45.7
45.7
45.8
45.8
45.8
45.9
45.9
45.9
45.9
45.9
45.9
45.8
45.8
45.8
45.8
45.7
45.7
45.7
45.7
45.8
45.8
45.7
45.8
45.8
45.8
40.7
40.1
39.7
39.4
39.2
44.7
44.8
44.9
44.9
45.0
45.1
45.2
44.8
44.4
44.1
44.0
43.7
43.2
42.8
42.3
42.0
41.8
47.4
47.2
39.3
39.3
45.3
44.9
44.7
44.7
44.8
44.9
45.0
45.0
45.1
45.1
45.2
45.3
45.3
45.3
45.3
45.3
40.1
45.5
45.1
37.6
37.9
44.5
44.5
39.3
39.2
39.2
39.5
40.1
40.1
40.1
45.7
37.0
36.8
37.4
38.0
38.4
38.9
46.3
46.2
46.2
46.2
40.3
40.3
40.8
41.3
41.9
42.4
42.9
43.3
43.6
43.9
44.1
44.2
44.4
44.6
44.8
44.9
45.0
45.2
45.3
45.5
45.7
45.7
45.8
45.8
45.9
45.9
46.0
46.0
46.0
46.0
46.1
46.1
46.1
46.0
45.6
45.6
45.7
45.8
45.6
45.6
45.6
45.6
45.5
45.3
45.2
45.2
38.2
38.3
45.3
45.4
45.4
45.4
45.5
45.6
45.7
46.1
46.2
46.2
46.2
46.3
46.3
46.3
46.3
46.3
46.4
46.4
46.4
46.4
46.4
46.3
46.3
46.4
46.4
46.3
46.3
46.4
46.4
46.4
46.4
46.4
46.4
46.4
46.4
46.4
46.4
46.4
46.4
46.4
46.4
46.4
46.3
46.4
46.3
46.4
46.3
46.2
45.9
45.5
36.6
36.7
36.7
37.1
45.1
45.0
44.7
44.7
44.8
45.0
45.2
45.3
45.3
45.4
45.5
45.6
45.5
39.7
39.4
39.2
39.5
40.0
46.3
46.1
40.9
41.2
41.6
41.9
42.1
42.7
43.2
43.5
43.8
44.1
44.4
44.6
44.8
45.0
45.1
45.2
45.3
45.3
45.4
45.5
45.6
45.8
45.8
45.9
46.0
46.0
