27.2
43.4
43.3
43.6
43.8
43.7
43.8
43.3
43.0
42.7
42.4
42.1
41.7
41.2
41.5
41.7
42.0
41.8
41.6
35.5
35.8
36.4
36.5
36.7
37.0
37.5
38.1
45.1
44.9
44.8
44.9
44.9
44.8
44.6
44.1
43.6
43.3
43.0
42.5
42.1
42.1
42.2
41.8
41.5
41.1
41.2
41.1
41.1
41.0
40.9
40.3
40.0
39.6
38.9
39.0
39.4
39.9
45.5
45.4
45.3
45.3
45.2
45.2
44.9
39.7
39.6
39.4
39.7
39.8
39.8
39.7
39.9
40.1
39.8
39.2
38.7
38.4
38.3
38.3
38.0
37.7
37.4
37.2
37.6
43.0
43.2
43.4
43.6
43.9
44.1
44.2
44.3
44.3
44.4
44.4
44.5
44.5
44.6
44.7
44.8
44.8
44.8
44.9
45.0
45.1
45.2
45.2
45.2
45.2
45.2
45.1
45.0
44.9
45.0
45.1
45.1
45.2
45.2
45.2
45.3
45.3
45.3
45.4
45.4
45.4
45.5
45.5
45.5
45.5
45.3
45.2
44.8
44.6
44.4
44.1
43.7
43.3
42.9
42.6
42.5
42.4
42.1
41.9
42.3
42.7
43.1
43.2
37.4
43.8
44.0
44.2
44.4
44.6
44.7
44.8
45.0
45.1
45.1
34.9
35.1
35.2
35.5
35.4
35.3
35.4
35.4
35.6
35.5
35.5
35.4
35.3
35.4
35.5
35.4
35.4
35.6
42.6
42.4
41.8
41.5
41.0
41.5
42.0
42.4
42.8
43.1
43.4
43.8
44.0
44.3
44.5
44.7
44.8
44.9
45.0
45.1
45.2
45.2
45.3
45.3
44.7
44.7
44.4
44.0
38.0
38.4
39.0
39.1
39.6
46.1
46.0
46.0
46.0
46.1
46.1
46.0
46.0
45.6
45.1
45.0
34.5
42.0
41.8
42.1
42.6
42.9
43.1
38.0
38.4
38.9
38.6
38.4
38.2
38.2
38.1
37.9
37.9
44.9
44.5
44.0
44.2
44.3
44.4
44.5
44.4
44.6
44.7
44.9
45.0
45.1
45.3
45.3
45.4
45.5
45.6
45.7
45.8
45.8
45.9
45.9
46.0
46.0
46.0
39.7
39.8
40.1
46.1
46.0
46.0
46.1
45.6
45.7
45.7
45.7
45.7
45.8
45.8
45.8
45.8
45.8
45.8
45.7
45.7
45.7
45.7
45.8
45.8
45.9
45.9
45.9
46.0
45.9
46.0
46.0
46.0
45.9
45.7
45.5
45.4
45.3
45.3
45.2
45.3
