26.6
26.8
26.8
26.9
27.0
27.1
27.0
27.1
27.1
27.1
27.2
27.2
27.2
27.2
27.2
27.3
27.4
27.5
27.5
27.4
27.4
27.4
27.4
27.3
27.3
27.3
27.4
27.3
27.3
27.3
27.3
27.3
27.3
27.5
27.7
27.7
27.7
27.6
27.6
27.6
27.5
27.5
27.5
27.4
27.4
27.4
27.3
27.3
27.3
27.3
27.3
27.3
27.3
27.3
27.3
27.3
27.3
27.3
27.3
27.3
27.3
27.3
27.3
27.3
27.2
27.2
27.3
27.3
27.2
27.3
27.3
27.3
27.3
27.3
27.3
27.3
27.3
27.2
27.3
27.3
27.2
27.3
27.3
27.3
27.3
27.3
27.3
27.3
27.3
27.2
27.2
27.2
27.3
27.4
27.3
27.6
27.5
27.4
27.4
27.4
27.4
27.4
27.4
27.3
27.3
27.3
27.3
27.3
27.3
27.3
27.3
27.3
27.3
27.3
27.3
27.3
27.3
27.3
27.3
27.3
27.3
27.2
27.3
27.2
27.2
27.2
27.2
27.2
27.2
27.2
27.2
27.2
27.2
27.2
27.2
27.2
27.2
27.2
27.2
27.2
27.2
27.2
27.3
27.2
27.3
27.3
27.2
27.2
27.2
27.2
27.3
27.3
27.3
27.3
27.2
27.3
27.3
27.3
27.3
27.2
27.2
27.2
27.2
27.2
27.2
27.2
27.2
27.2
27.2
27.2
27.2
27.2
27.2
27.2
27.2
27.2
27.2
27.2
27.2
27.2
27.2
27.2
27.2
27.2
27.1
27.2
27.1
27.1
27.2
27.1
27.2
27.2
27.2
27.2
27.2
27.2
27.2
27.2
27.2
27.2
27.2
27.2
27.3
27.3
27.3
27.3
27.2
27.3
27.3
27.3
27.3
27.2
27.3
27.3
27.2
27.2
27.2
27.2
27.2
27.2
27.2
27.2
27.2
27.2
27.2
27.2
27.2
27.2
27.2
27.2
27.2
27.2
27.2
27.2
27.2
27.2
27.3
27.4
27.3
27.3
27.3
27.3
27.3
27.3
27.3
27.3
27.3
27.3
27.3
27.3
27.3
27.3
27.3
27.3
27.3
27.2
27.2
27.2
27.2
27.2
27.2
27.2
27.3
27.3
27.3
27.3
27.2
27.3
27.3
27.3
27.3
27.3
27.4
27.5
27.4
27.4
27.3
27.3
27.3
27.3
27.3
27.2
27.2
27.2
27.2
27.2
27.2
27.2
27.2
27.2
27.1
27.2
27.2
27.2
27.1
27.2
27.2
27.2
27.1
27.1
27.1
27.1
27.2
27.1
27.1
27.1
27.1
27.2
27.2
27.1
27.2
27.2
27.2
27.2
27.2
27.3
27.5
27.4
27.4
27.4
27.3
27.3
27.3
27.3
27.3
27.3
27.2
27.2
27.2
27.3
27.2
27.3
27.2
27.2
27.2
27.2
27.2
27.2
27.2
27.2
27.2
27.2
27.2
27.2
27.2
27.2
27.1
27.2
27.2
27.1
27.1
27.2
27.2
27.2
27.2
27.2
27.2
27.2
27.2
27.2
27.2
27.1
27.1
27.1
27.2
27.1
27.1
27.1
27.1
27.1
27.2
27.2
27.2
27.1
27.1
27.1
27.1
27.2
27.1
27.1
27.1
27.1
27.2
27.2
27.2
27.2
27.2
27.2
27.1
27.2
39.3
33.0
27.6
27.5
27.4
27.4
27.4
27.4
27.4
27.3
27.4
27.3
27.3
27.3
27.3
27.3
27.3
27.3
27.3
27.3
27.3
27.4
27.3
27.3
27.3
27.3
27.4
27.3
27.3
27.3
27.3
27.3
27.3
27.3
27.2
27.2
27.2
27.2
27.2
27.2
27.3
27.3
27.2
27.2
27.2
27.2
27.2
27.2
27.3
27.3
27.3
27.2
27.3
27.2
27.2
27.2
27.2
27.2
27.2
27.2
27.2
27.2
27.2
27.2
27.2
27.2
27.2
27.2
27.2
27.2
27.2
27.2
27.2
27.2
27.2
27.1
27.2
27.2
