26.5
26.6
26.6
26.7
26.8
26.9
26.8
26.9
26.8
26.8
27.0
26.9
26.9
26.9
26.8
26.8
26.8
26.9
26.9
26.9
26.9
26.9
26.9
26.9
26.9
26.8
26.9
26.9
26.9
27.1
27.1
27.0
27.0
27.0
27.0
26.9
26.9
26.9
26.9
26.8
26.8
26.8
26.8
26.8
26.7
26.7
26.7
26.7
26.7
26.7
26.8
26.8
26.7
26.8
26.9
26.8
26.9
26.8
26.8
26.8
26.8
26.8
26.8
26.7
26.8
26.8
26.7
26.7
26.7
26.7
26.7
26.7
26.7
26.7
26.7
26.7
27.0
26.9
26.9
26.9
26.8
26.8
26.8
26.8
26.8
26.7
26.7
26.7
26.8
26.8
26.8
26.7
26.7
26.7
26.7
26.7
26.6
26.6
26.6
26.6
26.6
26.6
26.6
26.6
26.6
26.6
26.7
26.6
26.7
26.6
26.7
26.9
26.8
26.7
27.0
27.0
27.0
26.9
26.9
26.9
26.9
26.9
26.8
26.9
26.9
26.8
26.8
26.8
26.8
26.8
26.8
26.7
26.7
26.7
26.6
26.7
26.7
26.6
26.6
26.7
26.7
26.6
26.6
26.6
26.6
26.6
26.6
26.6
26.6
26.6
26.6
26.6
26.6
26.6
26.6
26.6
26.6
26.8
26.8
26.7
26.7
26.9
26.8
26.8
26.7
26.7
26.7
26.7
26.7
26.6
26.7
26.7
26.6
26.6
26.6
26.6
26.6
26.6
26.6
26.6
26.6
26.6
26.6
26.7
26.7
26.7
26.7
32.8
26.8
26.9
26.9
26.9
26.8
26.8
26.8
26.8
26.8
26.7
26.7
26.7
26.7
26.7
26.7
26.7
26.6
26.7
26.7
26.7
26.7
26.7
26.6
26.6
26.7
26.7
26.7
26.7
26.6
26.7
26.7
26.7
26.7
26.7
26.7
26.7
26.7
26.7
26.7
26.9
26.8
26.8
27.0
26.9
26.8
41.1
26.6
26.5
26.5
26.5
32.2
31.6
31.0
30.5
30.0
29.6
29.2
28.9
28.6
28.3
28.1
27.9
27.8
27.6
27.5
27.3
27.3
27.2
27.1
27.0
26.9
26.9
26.9
26.8
26.8
26.7
26.7
26.7
26.7
26.7
26.6
26.6
26.7
26.7
26.6
26.6
26.6
26.6
26.6
26.7
26.7
26.7
26.7
26.7
27.3
27.2
27.1
27.0
27.0
26.9
26.9
26.8
26.9
26.9
26.8
26.8
26.8
26.7
26.6
26.7
26.6
26.6
26.6
26.6
26.6
26.6
26.6
26.6
26.6
26.6
26.6
26.6
26.6
26.6
26.6
26.6
26.7
26.7
26.6
26.6
26.6
26.6
26.6
26.6
26.6
26.6
26.6
26.6
26.7
26.7
26.7
26.6
26.6
26.6
26.6
26.6
26.5
26.6
26.6
26.5
26.5
26.6
26.6
26.6
26.5
26.5
26.5
26.6
26.6
26.5
26.6
26.6
26.6
26.7
26.6
26.6
26.6
26.6
26.6
26.6
26.6
26.6
26.6
26.6
26.6
26.6
26.6
26.6
26.6
26.6
26.6
26.6
26.6
26.6
26.6
26.5
26.5
26.5
26.7
26.7
26.7
26.6
26.7
26.7
26.6
26.6
26.6
26.6
26.6
26.6
26.6
26.5
26.5
26.5
26.5
26.6
26.5
26.6
26.6
26.6
26.6
26.6
26.6
26.6
26.6
26.5
26.5
26.6
26.5
26.5
26.5
26.5
26.5
26.6
26.6
26.6
26.6
26.5
26.5
26.5
26.6
26.6
26.6
38.2
26.6
26.6
26.6
26.6
26.5
26.5
26.7
26.7
26.6
26.6
26.6
26.6
27.0
26.9
26.9
26.8
26.8
26.7
26.8
26.7
26.6
26.6
26.6
26.6
26.6
26.6
26.6
26.6
26.6
26.6
26.5
26.5
26.5
26.6
26.5
26.5
26.5
26.5
26.5
26.5
26.5
26.5
26.5
26.5
26.6
26.6
26.5
26.5
26.6
26.6
26.6
26.6
26.6
26.5
26.5
26.5
26.5
26.5
26.5
26.5
26.5
26.6
26.5
26.6
26.6
26.5
26.5
26.7
26.8
27.0
26.9
26.9
26.8
26.8
26.8
26.7
26.7
26.7
26.6
26.6
26.6
26.6
26.6
26.6
26.6
26.6
26.6
26.6
26.6
26.5
26.5
26.5
26.6
26.6
26.5
26.5
26.5
26.5
26.5
26.5
26.5
26.5
26.5
26.5
26.5
26.4
26.5
26.5
26.5
26.6
26.5
26.5
26.5
26.5
26.5
26.5
26.5
26.5
26.5
26.5
26.5
26.5
26.6
26.6
26.6
26.6
26.5
26.6
26.6
26.6
26.6
26.5
26.5
26.5
26.5
26.5
26.5
26.5
26.5
26.5
26.5
26.5
26.5
26.5
26.5
26.5
26.6
26.5
26.5
26.5
26.5
26.6
26.5
26.5
26.5
26.5
26.5
26.5
26.5
26.5
26.6
26.8
26.8
26.7
26.7
26.7
26.7
26.6
26.6
26.6
26.6
26.6
26.6
26.6
26.5
26.5
26.6
26.6
26.5
26.6
26.6
26.6
26.5
26.6
26.5
26.6
26.5
26.5
26.5
26.6
26.5
26.5
26.5
26.5
26.5
26.5
26.5
26.5
26.6
26.6
26.5
26.5
26.5
26.5
26.5
26.5
26.5
26.5
26.5
26.5
26.5
26.4
26.5
26.5
26.5
26.5
26.5
26.5
26.5
26.5
26.5
26.5
26.5
26.5
26.5
26.5
26.5
26.6
26.5
26.6
26.6
26.5
26.5
26.5
26.5
26.5
26.5
26.4
26.5
26.5
26.5
26.5
26.4
26.5
26.5
26.5
26.5
26.5
26.5
26.5
26.5
26.5
26.5
26.6
26.5
26.6
26.5
26.6
26.6
26.6
26.6
26.5
26.5
26.5
26.5
26.5
26.5
26.5
26.4
26.4
26.5
26.5
26.5
26.5
26.5
26.5
26.5
26.5
26.4
26.5
26.5
26.5
26.5
26.4
26.5
26.5
26.5
26.5
26.5
26.5
26.5
26.5
26.5
26.5
26.4
26.5
26.5
26.5
26.5
26.4
26.5
26.5
26.5
26.5
26.5
26.5
26.5
26.5
26.5
26.5
26.4
26.4
26.4
26.4
26.5
26.5
26.5
26.5
26.5
26.5
26.4
26.4
26.4
26.5
26.5
26.4
26.4
26.4
26.4
26.5
26.5
26.4
26.5
26.4
26.4
26.5
26.4
26.4
26.4
26.4
26.4
26.4
26.4
26.4
26.4
26.4
26.5
26.5
26.5
26.6
26.6
26.6
26.5
26.5
26.5
26.5
26.5
26.4
26.5
26.5
26.5
26.5
26.5
26.5
26.5
26.8
26.8
27.0
27.3
27.2
27.2
27.1
27.0
26.9
26.9
26.8
26.8
26.8
26.7
26.7
26.7
26.7
26.6
26.6
26.6
26.6
26.6
26.5
26.5
26.5
26.5
26.5
26.6
26.6
26.5
26.5
26.5
26.4
26.4
26.5
26.5
26.5
26.5
26.5
26.5
26.5
26.5
26.5
26.6
26.6
26.5
26.5
26.5
26.4
26.5
26.5
26.5
26.5
26.4
26.5
26.5
26.5
26.5
26.5
26.5
26.5
26.5
26.4
26.5
26.5
