32.8
40.7
41.2
41.5
41.9
42.3
42.7
43.0
43.3
43.4
43.5
43.6
43.8
43.9
44.0
44.0
44.1
44.1
44.0
37.6
37.4
37.1
36.8
36.8
36.6
36.3
36.1
42.6
42.6
42.2
42.0
41.8
42.0
41.9
42.0
41.8
41.6
41.6
41.8
41.9
42.0
42.3
42.5
42.8
42.9
42.5
41.9
41.6
41.7
41.3
35.3
35.1
35.2
35.4
41.6
42.0
42.2
42.5
42.8
43.1
43.4
43.6
43.8
44.0
44.0
44.2
44.3
44.4
44.4
44.1
43.9
43.9
44.0
44.1
43.7
43.8
44.0
44.0
43.7
43.5
43.6
43.3
42.8
42.7
37.6
37.2
37.4
42.6
42.1
41.5
41.9
42.2
42.6
42.8
43.1
43.3
43.2
43.1
43.2
43.3
43.6
43.7
43.9
44.1
44.3
44.4
44.5
44.6
44.7
44.8
44.9
45.0
45.0
45.0
45.1
45.1
45.2
45.2
45.2
45.2
45.3
45.3
45.3
45.3
45.3
45.3
45.4
45.3
45.3
45.3
45.1
44.8
44.8
44.6
44.3
44.0
43.4
42.9
42.5
42.8
43.1
43.3
43.6
43.8
43.9
44.0
44.1
44.2
44.4
44.5
44.6
44.7
44.8
44.8
44.9
44.9
44.9
45.0
45.0
45.1
45.1
45.1
45.2
45.4
45.6
45.5
45.3
44.9
45.0
44.9
44.4
35.3
35.2
35.5
35.6
44.9
44.4
39.1
44.7
44.7
44.8
44.8
44.3
44.4
44.2
44.3
44.4
44.5
44.6
44.6
44.1
43.9
44.1
37.2
43.4
42.9
42.9
43.0
43.2
42.7
42.5
41.9
41.7
41.9
42.3
42.6
42.9
43.1
43.2
43.4
43.6
43.8
43.8
43.9
44.0
44.2
44.1
44.2
44.3
44.4
44.5
44.6
44.7
44.8
44.9
44.9
44.9
45.0
45.0
45.1
44.5
43.9
38.2
38.4
38.9
45.3
45.3
45.2
45.2
45.2
45.2
45.2
45.2
45.2
45.1
45.2
45.2
45.1
45.1
45.2
44.9
44.6
38.0
38.3
38.7
45.5
45.5
45.5
45.4
45.4
45.4
45.4
45.4
45.4
45.4
45.4
45.4
45.4
45.5
45.5
45.4
45.3
45.4
45.4
45.4
45.4
45.3
45.3
45.3
45.3
45.2
39.9
40.1
40.4
40.9
41.4
42.0
42.3
41.8
41.4
41.6
41.7
42.0
42.4
42.7
43.0
43.3
43.5
43.6
43.8
44.0
