28.3
28.7
29.0
29.0
29.0
29.3
29.5
29.6
29.8
29.6
29.7
29.8
30.0
30.1
30.2
29.9
30.0
30.1
30.2
30.2
29.9
29.9
30.0
30.2
30.3
30.4
30.0
30.1
30.2
30.3
30.3
30.1
30.0
30.1
30.2
30.2
30.3
30.0
30.0
30.2
30.2
30.2
30.1
30.0
30.1
30.2
30.3
30.3
30.0
30.1
30.2
30.3
30.4
30.1
30.1
30.2
30.3
30.3
30.1
30.0
30.2
30.4
30.4
30.4
30.1
30.1
30.2
30.3
30.3
30.1
30.1
30.2
30.2
30.3
30.3
29.9
30.0
30.2
30.2
30.2
30.1
30.0
30.1
30.1
30.2
30.2
29.9
30.0
30.1
30.2
30.2
30.2
30.3
30.6
30.9
31.3
31.7
31.6
31.8
32.2
32.3
32.4
32.1
32.2
32.4
32.5
32.6
32.6
32.1
32.0
31.9
31.7
31.5
31.0
31.0
30.9
30.9
30.9
30.6
30.5
30.5
30.5
30.6
30.6
30.2
30.2
30.4
30.4
30.5
30.3
30.2
30.3
30.4
30.4
30.5
30.1
30.3
30.5
30.5
30.5
30.3
30.1
30.2
30.3
30.3
30.5
30.1
30.2
30.3
30.4
30.4
30.4
30.1
30.3
30.3
30.4
30.6
30.4
30.4
30.4
30.4
30.4
30.4
30.1
30.2
30.2
30.3
30.5
30.3
30.2
30.3
30.3
30.4
30.5
30.1
30.2
30.3
30.3
30.4
30.3
30.1
30.2
30.2
30.3
30.3
30.0
30.0
30.1
30.3
30.4
30.3
30.1
30.2
30.2
30.3
30.4
30.0
30.1
30.3
30.4
30.4
30.3
30.1
30.2
30.3
30.3
30.4
30.1
30.1
30.2
30.3
30.4
30.5
30.2
30.2
30.3
30.3
30.3
30.1
29.9
30.1
30.2
30.2
30.3
30.0
30.0
30.1
30.2
30.2
30.2
30.1
30.1
30.2
30.2
30.3
30.0
30.1
30.1
30.2
30.3
30.2
30.0
30.2
30.2
30.3
30.4
30.1
30.1
30.3
30.3
30.4
30.3
30.1
30.2
30.3
30.3
30.4
30.1
30.2
30.2
30.2
30.3
30.3
30.1
30.2
30.2
30.3
30.3
30.0
30.1
30.1
30.2
30.2
29.9
30.0
30.1
30.1
30.2
30.2
29.9
29.9
30.0
30.1
30.2
29.8
29.9
30.0
30.1
30.1
30.2
29.8
30.0
30.2
30.3
30.4
30.1
30.0
30.2
30.3
