28.4
44.9
45.0
45.3
45.5
45.7
45.6
45.8
46.0
46.2
46.4
46.4
46.4
46.4
46.6
46.7
46.8
46.8
46.5
46.7
46.9
46.9
46.7
46.9
47.0
47.1
47.1
47.0
46.8
46.9
47.0
47.1
47.0
47.0
47.1
47.2
47.3
47.2
46.9
47.1
47.2
47.3
47.4
47.2
47.3
47.4
47.5
47.6
47.6
47.5
47.7
47.7
47.8
47.7
47.5
47.6
47.7
47.8
47.8
47.6
47.5
47.5
47.7
47.7
47.5
47.6
47.5
47.6
47.5
47.5
47.3
47.5
47.5
47.4
47.4
47.2
47.4
47.5
47.6
47.9
47.6
47.7
47.8
47.9
48.0
47.8
47.7
47.8
48.0
47.9
47.7
47.6
47.7
47.8
48.0
48.0
47.9
47.9
48.0
48.0
48.0
47.8
47.9
48.0
48.0
48.1
47.9
47.8
47.8
47.9
47.9
48.0
48.0
48.0
48.1
48.2
48.2
47.8
47.9
47.9
48.0
48.0
47.8
47.8
47.9
48.0
48.0
47.9
47.8
47.9
48.0
48.1
48.0
47.8
47.8
47.9
48.0
48.0
47.8
47.8
48.0
48.1
48.0
48.0
48.0
48.1
48.0
48.1
48.1
47.9
48.0
48.0
48.1
48.2
48.0
48.0
48.1
48.2
48.2
48.0
48.0
48.1
48.2
48.2
48.1
48.0
48.1
48.2
48.2
48.2
48.1
48.1
48.2
48.2
48.1
48.0
48.1
48.3
48.3
48.4
48.1
48.2
48.2
48.3
48.4
48.2
48.2
48.2
48.3
48.3
48.3
48.0
48.1
48.0
48.1
48.2
48.0
48.0
48.1
48.2
48.3
48.2
48.1
48.1
48.2
48.1
48.2
48.1
48.3
48.2
48.3
48.2
47.9
47.9
48.0
48.1
48.2
48.1
48.1
48.2
48.2
48.3
48.2
48.2
48.2
48.3
48.4
48.4
48.1
48.2
48.3
48.4
48.5
48.3
48.3
48.3
48.3
48.3
48.2
48.3
48.3
48.5
48.5
48.6
48.2
48.3
48.2
48.3
48.3
48.1
48.0
48.1
48.2
48.3
48.2
48.1
48.1
48.2
48.3
48.3
48.1
48.2
48.2
48.3
48.3
48.1
48.1
48.1
48.2
48.3
48.3
48.3
48.3
48.3
48.3
48.4
48.1
48.2
48.3
48.4
48.3
48.2
48.2
48.3
48.4
48.5
48.4
48.3
48.4
48.4
48.5
48.5
48.2
48.2
48.3
48.3
48.3
48.0
48.1
48.3
48.4
48.4
48.4
48.4
48.4
48.6
48.6
48.6
48.4
48.5
48.5
48.6
48.5
48.3
48.3
48.3
48.4
48.5
48.3
48.3
48.4
48.5
48.4
48.4
48.2
48.3
48.5
48.5
48.5
48.3
48.3
48.4
48.4
48.4
48.3
48.2
48.4
48.4
48.6
48.5
48.4
48.5
48.5
48.5
48.5
48.2
48.2
48.3
48.4
48.5
48.3
48.1
48.1
48.3
48.4
48.3
48.2
48.3
48.4
48.4
48.4
48.3
48.4
48.4
48.4
48.5
48.2
48.3
48.3
48.4
48.4
48.2
48.4
48.5
48.5
48.5
48.3
48.4
48.4
48.2
48.4
48.4
48.3
