26.4
26.5
26.6
26.8
26.8
26.8
26.8
26.8
26.8
26.8
26.8
26.8
26.8
26.8
26.8
26.8
26.8
26.8
26.8
26.8
26.9
26.9
26.9
26.9
26.9
26.9
27.2
27.2
27.1
27.0
27.0
27.0
26.9
26.9
26.9
26.9
26.9
26.9
26.8
26.9
26.8
26.8
26.8
26.7
26.8
26.8
26.7
26.7
26.7
26.7
26.7
26.9
26.8
26.8
26.8
26.7
26.7
26.7
26.7
26.6
26.6
26.6
26.6
26.6
26.6
26.5
26.5
26.6
26.6
26.6
26.6
26.6
26.6
26.9
26.8
26.8
26.7
26.7
26.7
26.6
26.6
26.6
26.6
26.7
26.6
26.6
26.6
26.7
26.7
26.6
26.6
26.6
26.6
26.6
26.6
26.6
26.6
26.6
26.5
26.5
26.5
26.5
26.5
26.5
26.5
26.5
26.5
26.5
26.7
26.7
26.7
26.7
26.7
26.7
26.7
26.7
26.6
26.6
26.6
26.6
26.7
26.7
26.6
26.6
26.6
26.7
26.6
26.6
26.6
26.6
26.6
26.6
26.5
26.5
26.5
26.5
26.8
26.8
26.9
26.9
26.9
26.8
26.8
26.8
26.8
26.7
26.7
26.6
26.6
26.6
26.6
26.6
26.6
26.6
26.7
26.6
26.6
26.6
26.7
26.7
26.6
26.6
26.6
26.5
26.6
26.6
26.6
26.6
26.5
26.5
26.5
26.5
26.5
26.5
26.5
26.5
26.5
26.5
26.5
26.4
26.5
26.5
26.5
26.5
31.6
26.4
26.3
26.3
26.4
26.4
26.4
26.4
26.4
26.4
26.4
26.4
26.4
26.4
26.4
26.5
26.4
26.4
26.5
26.5
26.5
26.5
26.5
26.5
26.5
26.5
26.5
26.5
26.4
26.4
26.4
26.4
26.4
26.4
26.4
26.5
26.5
26.5
26.5
26.4
26.6
26.6
26.6
26.7
26.7
26.6
40.1
28.4
28.1
27.8
27.7
27.6
28.1
27.9
27.7
27.5
27.4
27.3
27.1
27.0
26.9
26.9
26.8
26.7
26.7
26.7
26.6
26.6
26.6
26.5
26.6
26.5
26.5
26.6
26.6
26.6
26.5
26.5
26.5
26.6
26.5
26.5
26.5
26.5
26.5
26.5
26.5
26.5
26.6
26.5
26.5
26.5
26.5
26.5
26.5
26.6
26.6
26.5
26.6
26.6
26.5
26.5
26.5
26.5
26.6
26.5
26.5
26.5
26.5
26.5
26.5
26.5
26.5
26.5
26.5
26.5
26.4
26.5
26.5
26.5
26.5
26.5
26.4
26.4
26.5
26.5
26.5
26.5
26.5
26.5
26.5
26.5
26.6
26.5
26.6
26.6
26.6
26.6
26.6
33.6
26.4
26.4
26.4
26.4
26.4
26.4
26.4
26.4
26.4
26.4
26.5
26.4
26.5
26.4
26.4
26.4
26.4
26.5
26.4
26.4
26.4
26.4
26.4
26.5
26.4
26.4
26.4
26.5
26.4
26.4
26.4
26.5
26.5
26.5
26.5
26.5
26.5
26.5
26.5
26.5
26.4
26.4
26.5
26.5
26.5
26.5
26.5
26.5
26.6
26.6
26.5
26.5
26.5
26.5
26.5
26.5
26.5
26.5
26.6
26.6
26.6
26.5
26.5
26.6
26.5
26.5
26.5
26.5
26.5
26.5
26.5
26.5
26.5
26.6
26.5
26.6
26.6
26.5
26.5
38.2
26.8
26.7
26.7
26.7
26.6
26.6
26.6
26.6
26.5
26.6
26.6
26.6
26.5
26.5
26.5
26.5
26.5
26.5
26.5
26.5
26.6
26.6
26.6
26.6
26.6
26.6
26.5
26.5
26.6
26.5
26.5
26.8
26.8
26.8
26.7
26.7
26.7
26.6
26.6
26.6
26.6
26.6
26.6
26.8
26.7
26.7
26.7
26.6
26.6
26.6
26.6
26.6
26.5
26.5
26.5
26.5
26.6
26.6
26.5
26.5
26.5
26.5
26.5
26.6
26.5
26.6
26.6
26.6
26.5
26.6
26.5
26.6
26.7
26.6
26.6
26.6
26.5
26.6
26.6
26.5
26.5
26.5
26.5
26.5
26.5
26.5
26.5
26.6
26.6
26.6
26.6
26.6
26.5
26.5
26.6
26.5
26.5
26.6
26.6
26.6
26.5
26.5
26.6
26.5
26.5
26.5
26.5
26.5
26.4
26.5
26.5
26.5
26.5
26.4
26.4
26.4
26.7
26.6
26.6
26.5
26.5
26.6
26.5
26.5
26.5
26.5
26.5
26.5
26.5
26.4
26.5
26.5
26.4
26.5
26.5
26.4
26.5
26.5
26.5
26.5
26.5
26.5
26.5
26.4
26.5
26.4
26.4
26.5
26.4
26.4
26.4
26.4
26.4
26.4
26.4
26.4
26.4
26.4
26.4
26.4
26.4
26.4
26.4
26.4
26.4
26.4
26.4
26.4
26.4
26.4
26.4
26.4
26.4
26.4
26.4
26.4
26.4
26.4
26.4
26.4
26.4
26.4
26.4
26.5
26.5
26.4
26.5
26.5
26.5
26.5
26.4
26.4
26.5
26.5
26.5
26.4
26.4
26.4
26.4
26.4
26.4
26.4
26.4
26.5
26.5
26.5
26.6
26.6
26.6
26.6
26.6
26.6
26.5
26.5
26.6
26.5
26.5
26.5
26.5
26.5
26.4
26.4
26.4
26.4
26.4
26.4
26.4
26.4
26.4
26.5
26.5
26.4
26.4
26.4
26.4
26.4
26.4
26.4
26.4
26.4
26.4
26.4
26.5
26.5
26.4
26.4
26.4
26.4
26.4
26.3
26.4
26.4
26.5
26.5
26.5
26.5
26.5
26.5
26.5
26.5
26.4
26.4
26.5
26.4
26.4
26.4
26.4
26.4
26.5
26.4
26.4
26.4
26.4
26.4
26.4
26.4
26.4
26.4
26.5
26.4
26.4
26.4
26.4
26.4
26.4
26.4
26.4
26.4
26.4
26.4
26.6
26.6
26.6
26.6
26.6
26.5
26.5
26.5
26.5
26.5
26.5
26.5
26.5
26.4
26.4
26.5
26.5
26.4
26.4
26.4
26.5
26.5
26.5
26.5
26.5
26.5
26.5
26.5
26.4
26.5
26.7
26.8
27.0
27.0
26.9
26.9
26.8
26.8
26.8
26.7
26.7
26.6
26.6
26.6
26.6
26.5
26.5
26.5
26.6
26.5
26.6
26.5
26.5
26.5
26.5
26.4
26.4
26.4
26.4
26.4
26.5
26.5
26.5
26.5
26.4
26.4
26.4
26.4
26.4
26.5
26.4
26.5
26.5
26.5
26.5
26.5
26.5
26.5
26.5
26.5
26.5
26.5
26.5
26.6
26.5
26.6
26.5
26.5
26.6
26.5
26.6
26.5
26.5
26.5
26.5
26.5
26.5
26.5
26.5
26.5
26.5
26.4
26.4
26.4
26.4
26.4
26.4
26.4
26.4
26.4
26.4
26.5
26.5
26.4
26.4
26.4
26.5
26.5
26.4
26.5
26.5
26.5
26.5
26.4
26.4
26.4
26.4
26.5
26.4
26.4
26.4
26.4
26.5
26.4
26.4
26.4
26.4
26.4
26.4
26.4
26.4
26.4
26.5
26.5
26.5
