36.1
41.6
41.9
42.2
42.6
42.8
43.0
43.1
43.3
43.5
43.6
43.7
43.9
44.1
44.0
44.2
44.2
44.4
44.3
44.4
44.5
44.6
44.6
44.7
44.6
44.7
44.7
44.7
44.7
44.7
44.6
44.6
44.7
44.6
44.6
44.7
44.7
44.8
44.7
44.8
44.8
44.8
44.9
44.9
44.9
44.9
44.9
44.9
44.9
44.9
44.9
44.8
44.8
44.8
44.5
44.6
44.7
44.7
44.8
44.8
38.6
39.1
44.3
44.4
44.4
44.4
44.5
44.6
44.7
44.7
44.7
44.8
44.8
44.4
38.6
38.5
37.9
37.3
36.9
36.7
36.4
36.5
36.4
36.5
37.0
44.3
37.8
38.3
38.5
38.7
44.9
38.4
38.3
38.1
37.9
38.2
43.8
43.8
43.5
43.4
43.2
42.6
42.3
42.0
42.0
41.5
35.5
35.5
35.8
47.4
47.1
46.9
46.7
46.5
46.3
46.2
46.1
46.0
45.8
45.8
45.7
45.7
45.6
45.6
45.6
45.5
45.5
45.5
45.5
45.4
45.4
45.1
45.1
45.0
44.9
44.9
45.0
44.9
45.0
45.0
45.1
45.1
45.0
45.0
44.9
44.9
45.0
45.0
45.0
45.1
45.1
45.1
45.1
45.0
45.0
45.1
45.1
45.1
45.1
45.6
45.2
37.2
37.1
37.2
37.4
37.4
37.3
37.3
37.4
37.5
37.5
37.5
37.3
37.0
37.2
37.3
37.6
38.0
44.9
44.5
44.2
43.8
38.2
38.5
45.1
45.1
45.1
45.1
45.0
45.0
45.1
45.1
45.1
45.1
44.7
44.4
44.1
43.8
43.8
43.9
43.3
43.1
43.3
43.4
42.8
42.6
42.7
43.0
43.3
43.3
43.5
43.6
43.9
44.0
44.2
44.3
44.4
44.5
44.6
44.6
44.7
44.7
44.8
44.7
44.4
44.5
44.5
44.6
44.7
44.8
44.9
44.9
44.9
44.4
44.0
44.0
43.5
43.3
43.4
43.7
43.9
44.0
44.1
44.2
44.3
44.5
44.6
44.8
44.9
44.9
44.8
44.7
44.7
44.8
44.9
44.8
44.8
44.9
44.9
44.9
45.0
45.1
45.1
45.2
45.1
45.2
45.2
45.3
45.3
45.2
44.7
44.2
44.1
43.8
43.6
43.5
43.7
43.8
44.0
44.1
44.2
44.4
44.4
43.8
43.9
44.1
44.2
44.3
44.4
44.4
44.5
44.5
44.5
44.5
44.6
44.7
44.8
44.9
44.9
45.1
45.2
45.2
45.2
