27.1
44.5
44.4
44.6
44.7
44.8
44.8
44.9
44.9
45.0
45.0
45.1
45.1
45.1
45.1
45.2
45.3
45.3
45.2
45.3
45.4
45.4
45.4
45.4
45.5
45.5
45.6
45.6
45.6
45.6
45.6
45.6
45.7
45.4
45.4
45.3
45.0
38.2
38.8
39.2
39.7
39.9
39.7
39.6
39.7
40.2
45.7
45.7
45.6
45.6
45.4
45.3
45.3
45.1
45.2
45.3
45.4
45.5
45.5
45.5
45.5
45.6
45.6
45.7
45.7
45.7
45.8
45.8
45.8
45.8
45.7
45.7
45.8
45.8
45.8
45.8
45.9
45.9
45.9
45.9
45.9
45.9
45.9
45.9
45.8
45.7
45.8
45.8
45.8
45.8
45.8
45.8
45.9
45.9
45.9
45.9
45.9
46.0
45.9
45.9
45.9
45.9
45.9
45.9
45.9
45.9
45.9
45.9
45.9
45.9
45.9
45.9
45.9
45.9
46.0
46.0
46.0
45.9
45.4
45.0
39.9
39.9
40.2
40.4
40.0
40.4
40.0
40.0
45.9
45.8
45.6
45.0
44.5
44.3
44.4
44.5
44.6
44.7
44.8
44.9
44.9
45.0
45.0
45.1
45.2
45.3
45.3
45.4
45.4
45.5
45.6
45.7
45.7
45.8
45.8
45.9
45.9
45.9
45.9
40.7
40.7
41.3
41.7
41.1
40.5
40.2
39.9
39.5
39.2
39.6
39.9
40.4
40.5
40.4
40.4
40.9
41.6
42.1
42.5
42.9
43.3
43.6
43.9
44.0
44.3
44.5
44.5
44.7
44.9
44.7
44.7
44.8
45.0
44.8
38.2
45.1
45.2
45.2
45.3
45.3
45.3
45.3
45.4
45.4
45.4
45.4
45.4
45.4
45.4
45.0
44.9
44.9
44.9
44.9
44.9
45.0
45.1
45.2
45.3
45.3
45.3
45.4
45.4
45.5
45.5
39.1
39.5
39.8
40.3
40.1
40.3
40.4
40.6
40.8
40.9
40.3
40.5
40.7
40.6
40.4
40.4
40.4
40.8
41.4
41.4
41.1
40.9
40.5
40.5
40.5
40.2
40.2
40.3
40.2
40.1
40.1
40.4
39.9
40.3
40.9
41.4
41.6
41.3
41.3
41.5
41.5
41.4
42.0
42.4
42.9
43.3
43.6
43.8
44.1
44.4
44.6
44.8
44.9
45.1
45.3
45.4
45.5
45.5
45.7
45.7
45.8
45.8
45.8
45.8
45.8
45.8
45.8
45.8
45.9
