36.8
37.1
45.5
45.4
45.4
45.4
45.4
45.4
45.3
45.3
45.3
45.2
45.3
39.3
45.1
45.1
45.1
45.1
44.8
44.9
44.9
44.9
45.0
44.9
44.9
44.9
45.0
44.9
44.8
44.4
44.2
44.3
44.4
43.9
44.0
44.1
44.2
44.3
44.4
44.5
44.2
33.2
33.6
41.6
41.7
41.8
41.6
41.5
41.5
41.2
41.6
42.0
42.4
35.3
44.7
44.7
44.5
44.0
37.8
38.2
38.5
38.5
38.4
38.2
38.3
38.4
38.1
37.6
38.1
38.2
43.4
43.0
42.9
42.8
42.8
42.8
42.8
42.6
42.1
36.8
37.3
43.8
43.7
43.4
43.4
43.4
43.1
42.9
42.7
42.3
35.9
35.8
35.6
35.6
36.0
36.3
36.7
36.9
37.2
37.2
37.4
37.2
37.1
37.4
37.8
38.0
37.8
37.8
38.3
45.1
45.1
45.1
45.0
44.7
44.3
44.3
44.1
43.7
43.5
43.6
43.8
44.0
44.2
44.4
44.5
44.6
44.8
44.9
45.0
45.1
45.1
45.2
45.3
45.3
45.3
45.3
45.4
45.4
45.5
45.5
45.4
37.8
38.2
43.8
43.9
43.9
44.0
44.1
44.2
44.3
44.4
44.6
44.6
44.8
44.9
45.0
45.0
45.1
45.1
45.2
45.3
45.3
45.4
45.3
45.4
45.4
45.4
45.4
45.5
45.3
45.4
45.4
45.4
45.4
45.4
45.4
45.4
45.4
44.8
44.5
44.5
44.3
44.1
36.1
45.3
45.3
45.3
45.3
45.3
44.5
44.5
44.6
44.7
44.8
44.9
45.0
45.0
45.1
45.3
45.4
45.4
45.3
45.1
44.8
44.8
44.8
44.5
43.9
43.4
42.9
42.5
42.3
42.2
42.4
41.8
41.8
41.9
41.6
42.0
42.3
42.0
41.8
41.7
41.3
41.1
41.2
41.3
41.8
42.3
42.7
43.1
43.4
43.7
44.0
44.2
44.4
44.6
44.6
44.6
44.6
44.4
44.5
44.6
44.6
44.5
44.5
44.5
44.5
44.4
38.2
43.8
44.0
44.3
44.5
44.7
44.8
44.9
45.1
45.2
45.3
45.3
45.4
45.5
45.6
45.6
45.6
45.6
45.6
45.7
45.7
45.7
45.8
45.8
45.8
45.8
45.9
45.8
45.8
45.9
45.9
45.9
45.9
