30.1
29.8
39.9
34.5
34.8
34.7
35.2
35.2
30.1
30.4
30.7
31.1
31.1
31.3
46.1
37.2
37.2
29.9
30.3
30.4
30.0
29.6
28.6
28.3
28.0
27.7
27.5
27.3
27.1
26.9
26.8
35.5
25.7
25.7
25.6
25.9
26.4
26.6
26.6
26.7
26.7
26.7
26.7
26.7
26.7
26.7
26.7
26.8
26.8
26.8
26.9
26.8
26.9
26.8
26.8
26.8
26.8
26.8
26.8
26.9
26.9
26.9
26.8
27.0
26.9
27.2
27.1
27.2
27.1
27.1
27.0
27.0
27.0
26.9
26.9
26.9
26.8
26.8
26.7
26.8
26.7
26.7
26.7
26.7
26.7
26.6
26.7
26.7
26.7
26.7
26.9
26.9
26.8
26.8
26.8
26.7
26.7
26.7
26.7
26.7
26.6
26.6
26.6
26.6
26.6
26.6
26.6
27.0
27.1
27.2
27.1
27.0
27.3
27.2
27.2
27.1
27.0
27.0
27.0
27.0
26.9
26.9
26.9
26.9
26.9
26.8
26.8
26.8
26.8
26.8
26.7
26.7
26.6
26.7
26.7
26.6
26.6
26.6
26.6
26.6
26.6
26.6
26.6
26.6
26.6
26.6
26.8
26.8
26.8
26.8
27.0
26.9
26.9
26.8
26.8
26.7
26.7
26.6
26.6
26.6
26.7
26.6
26.6
26.6
26.6
26.6
26.6
26.6
26.5
26.6
26.6
26.6
26.5
26.5
26.5
26.6
26.5
26.6
26.6
26.6
26.7
26.7
26.6
26.7
26.7
26.7
26.8
26.7
26.7
27.0
26.9
26.9
26.8
26.8
26.7
26.7
26.7
26.8
26.7
26.6
26.7
26.7
26.6
26.6
26.6
26.5
26.6
26.5
26.5
26.5
26.5
26.5
26.5
26.5
26.5
26.5
26.5
26.5
26.4
26.6
26.5
26.5
26.5
33.0
26.4
26.3
26.4
26.4
26.4
26.5
26.4
26.5
26.5
26.6
26.6
26.5
26.5
26.5
26.5
26.5
26.5
26.6
26.6
26.5
26.5
26.6
26.5
26.5
26.5
26.5
26.6
26.5
26.5
26.5
26.5
26.5
26.5
26.4
26.5
26.5
26.6
26.6
26.6
32.0
31.5
30.8
30.5
30.0
29.6
40.9
26.6
26.6
26.6
26.5
26.6
26.5
26.6
26.5
26.5
26.5
26.4
26.4
26.4
26.4
26.4
26.4
26.4
26.4
26.4
26.4
26.4
26.4
26.4
26.4
26.4
26.4
26.4
26.5
26.5
26.5
26.5
26.4
26.5
26.5
26.5
26.4
26.4
26.5
26.5
26.5
26.5
26.4
26.5
26.5
26.5
26.5
26.4
26.5
27.1
27.0
27.0
26.9
26.8
26.8
26.8
26.7
26.7
26.6
26.6
26.7
26.7
26.6
26.6
26.6
26.6
26.6
26.5
26.5
26.5
26.5
26.5
26.5
26.5
26.5
26.5
26.6
26.6
26.5
26.5
26.6
26.6
26.6
26.5
26.5
26.5
26.5
26.6
26.5
26.5
26.5
26.5
26.6
26.9
26.8
26.8
26.7
26.7
26.7
26.6
26.6
26.5
26.5
26.5
26.6
26.6
26.5
26.5
26.5
26.5
26.5
26.5
26.5
26.5
26.5
26.5
26.4
26.5
26.4
26.4
26.4
26.4
26.4
26.4
26.4
26.5
26.5
26.5
26.5
26.5
26.5
26.5
26.5
26.5
26.5
26.5
26.5
26.6
26.6
26.7
26.8
26.9
27.0
27.0
26.9
26.9
26.8
26.8
26.7
26.7
26.7
26.8
26.7
26.7
26.7
26.6
26.6
26.6
26.6
26.6
26.6
26.6
26.6
26.5
26.5
26.5
26.5
26.4
26.4
26.4
26.5
26.5
26.5
26.5
26.4
26.4
26.4
26.4
26.4
26.4
26.4
26.4
26.4
26.4
26.4
26.4
26.4
26.4
26.4
26.4
26.4
26.4
26.4
26.4
26.4
26.4
26.4
26.4
26.4
26.4
26.5
26.5
26.5
26.5
26.5
26.5
26.5
26.5
26.5
26.6
26.5
26.6
26.6
26.6
26.5
26.6
26.5
26.5
26.5
26.5
26.5
26.5
26.5
26.5
26.6
26.6
26.6
26.6
26.6
26.5
26.6
37.0
26.6
26.5
26.5
26.5
26.5
26.5
26.5
38.4
38.0
32.8
26.6
26.5
26.5
26.5
26.5
26.5
26.4
26.4
26.4
26.4
26.4
26.5
26.4
26.4
26.4
26.4
26.4
26.4
26.5
26.5
26.6
26.6
26.5
26.5
26.5
26.5
26.5
26.5
26.5
26.6
26.6
26.5
26.6
26.5
26.5
26.5
26.5
26.5
26.4
26.4
26.5
26.5
26.5
26.4
26.4
26.4
26.4
26.4
26.4
26.4
26.5
26.4
26.4
26.4
26.4
26.4
26.5
26.5
26.4
26.4
26.4
26.4
26.5
26.5
26.5
26.5
26.4
26.4
26.4
26.5
26.5
26.4
26.4
26.4
26.4
26.4
26.4
26.4
26.5
26.5
26.5
26.5
26.5
26.5
26.5
26.6
26.6
26.6
26.6
26.6
26.6
26.6
26.6
26.6
26.5
26.5
26.6
26.6
26.6
26.5
26.5
26.5
26.5
26.5
26.5
26.5
26.5
26.5
26.5
26.5
26.5
26.5
26.5
26.5
26.4
26.5
26.5
26.5
26.5
26.5
26.6
26.6
26.6
26.6
26.6
26.5
26.6
26.6
26.6
26.6
26.5
26.6
26.6
26.6
26.6
26.5
26.5
26.4
26.5
26.5
26.5
26.5
26.4
26.4
26.4
26.4
26.4
26.5
26.5
26.6
26.7
26.6
26.6
26.6
26.7
26.7
26.6
26.6
26.6
26.6
26.6
26.6
26.5
26.6
26.6
26.6
26.6
26.6
26.5
26.5
26.5
26.5
26.5
26.5
26.6
26.5
26.5
26.5
26.4
26.5
26.5
26.5
26.5
26.5
26.5
26.5
26.5
26.5
26.5
26.5
26.5
26.5
26.5
26.4
26.5
26.5
26.5
26.6
26.8
26.8
26.8
26.7
26.7
26.7
26.6
26.6
26.6
26.6
26.6
26.6
26.7
26.6
26.6
26.6
26.6
26.8
27.0
27.1
27.0
26.9
26.9
26.8
26.7
26.7
26.7
26.7
26.7
26.6
26.6
26.6
26.6
26.6
26.6
26.6
26.5
26.6
26.6
26.6
26.5
26.5
26.6
26.5
26.5
26.5
26.5
26.5
26.5
26.6
26.5
26.5
26.5
26.5
26.5
26.5
26.5
26.4
26.4
26.4
26.4
26.5
26.4
26.5
26.4
26.5
26.5
26.5
26.5
26.5
26.5
26.5
26.6
26.5
26.5
26.5
26.5
26.5
26.5
26.6
26.6
26.8
26.8
26.7
26.7
26.7
26.6
26.6
26.5
26.5
26.5
26.5
26.5
26.5
26.5
26.5
26.5
26.5
26.5
26.5
26.4
26.5
26.5
26.5
26.4
26.4
26.4
26.4
26.4
26.4
26.4
26.4
26.4
26.4
26.4
26.4
26.5
26.4
26.4
26.5
26.5
26.5
26.5
26.4
26.6
26.6
26.6
26.6
26.6
26.6
26.6
26.6
26.6
26.6
26.6
26.6
26.6
26.5
26.5
26.5
26.5
26.6
26.5
26.5
26.5
26.5
26.4
26.4
26.4
26.4
26.5
26.5
26.5
26.5
26.4
26.5
26.5
26.5
26.5
26.4
26.4
26.5
26.5
26.5
26.5
26.4
26.4
26.4
26.5
26.4
26.5
26.4
26.4
26.5
26.5
26.4
26.4
26.4
26.4
26.4
