27.3
27.5
27.6
27.9
28.2
28.5
28.7
28.7
28.8
29.0
29.1
29.1
29.3
29.0
29.1
29.2
29.2
29.2
29.0
29.0
29.1
29.2
29.3
29.4
29.1
29.2
29.3
29.4
29.5
29.4
29.3
29.5
29.6
29.6
29.6
29.2
29.4
29.3
29.4
29.5
29.3
29.3
29.4
29.5
29.6
29.4
29.2
29.4
29.5
29.6
29.5
29.3
29.3
29.4
29.5
29.5
29.5
29.3
29.2
29.3
29.5
29.6
29.7
29.4
29.4
29.5
29.5
29.7
29.4
29.4
29.5
29.6
29.7
29.7
29.4
29.4
29.5
29.5
29.7
29.6
29.4
29.5
29.6
29.6
29.7
29.5
29.3
29.3
29.4
29.5
29.5
29.3
29.3
29.3
29.4
29.5
29.6
29.2
29.3
29.3
29.5
29.5
29.6
29.4
29.4
29.5
29.6
29.6
29.5
29.4
29.5
29.6
29.6
29.7
29.3
29.4
29.4
29.4
29.4
29.3
29.1
29.2
29.3
29.4
29.4
29.3
29.1
29.2
29.3
29.4
29.5
29.2
29.2
29.2
29.3
29.5
29.5
29.2
29.2
29.2
29.2
29.2
29.0
29.0
29.1
29.2
29.3
29.4
29.0
29.0
29.3
29.4
29.4
29.4
29.2
29.3
29.4
29.5
29.6
29.3
29.3
29.4
29.5
29.4
29.5
29.2
29.4
29.4
29.5
29.5
29.6
29.2
29.2
29.3
29.4
29.5
29.3
29.1
29.2
29.4
29.4
29.5
29.1
29.3
29.2
29.4
29.4
29.2
29.2
29.3
29.3
29.4
29.2
29.1
29.2
29.3
29.3
29.4
29.2
29.1
29.2
29.3
29.3
29.4
29.1
29.1
29.1
29.2
29.3
29.3
29.1
29.2
29.3
29.3
29.3
29.0
29.1
29.1
29.3
29.3
29.3
29.1
29.2
29.3
29.3
29.3
29.1
29.1
29.2
29.3
29.5
29.5
29.2
29.3
29.3
29.4
29.4
29.2
29.0
29.2
29.4
29.4
29.5
29.2
29.2
29.4
29.4
29.5
29.5
29.2
29.3
29.4
29.4
29.5
29.5
29.2
29.2
29.3
29.3
29.4
29.1
29.1
29.3
29.4
29.5
29.6
29.2
29.2
29.4
29.4
29.5
29.4
29.2
29.2
29.3
29.3
29.3
29.1
29.1
29.1
29.1
29.3
29.2
29.0
29.2
29.3
29.3
29.4
29.1
29.2
29.3
29.4
29.4
29.5
29.3
29.3
29.4
29.4
29.5
29.4
29.2
29.3
29.3
29.5
29.4
29.2
29.3
29.4
29.5
29.6
29.2
29.3
29.4
29.8
29.8
29.8
29.4
29.5
29.5
29.5
29.6
29.5
29.2
29.3
29.3
29.5
29.5
29.1
29.3
29.4
29.5
29.6
29.4
29.2
29.3
29.4
29.5
29.6
29.2
29.3
29.3
29.4
29.4
29.2
29.1
29.2
29.3
29.3
29.5
29.1
29.2
29.2
29.4
29.4
29.2
29.1
29.2
29.3
29.2
29.3
29.0
29.0
29.2
29.2
29.2
29.2
29.0
29.1
29.2
29.2
29.3
29.2
29.1
29.2
29.3
29.4
29.5
29.2
29.3
29.2
29.3
29.4
29.4
29.1
29.3
29.3
29.4
29.5
29.5
29.2
29.2
29.2
29.3
29.3
29.1
29.1
29.2
29.3
29.3
29.2
29.0
29.1
29.2
29.3
29.4
29.2
29.1
29.2
29.2
29.3
29.3
29.0
29.0
29.2
29.3
29.4
29.4
29.1
29.2
29.2
29.3
29.4
29.2
29.0
29.0
29.2
29.3
29.3
29.3
29.3
29.4
29.4
29.4
29.3
29.1
29.2
29.4
29.4
29.5
29.3
29.1
29.2
29.2
29.2
29.1
28.9
29.0
29.1
29.2
29.3
29.0
29.1
29.2
29.2
29.3
29.2
29.0
29.0
29.2
29.3
29.4
29.4
29.1
29.2
29.3
29.4
29.4
29.3
29.2
29.3
29.3
29.4
29.4
29.2
29.3
29.3
29.4
29.4
29.5
29.2
29.3
29.4
29.4
29.5
29.3
29.3
29.4
29.5
29.6
29.6
29.3
29.4
29.4
29.5
29.5
29.6
29.2
29.3
29.2
29.3
29.3
29.1
29.0
29.2
29.1
29.3
29.3
29.1
29.1
29.2
29.3
29.3
29.4
29.1
29.2
29.3
29.4
29.4
29.3
29.2
29.3
29.3
29.3
29.4
29.1
29.2
29.2
29.3
29.4
29.5
29.2
29.2
29.2
29.2
29.3
29.1
28.9
29.1
29.2
29.2
29.1
29.0
29.1
29.2
29.3
29.4
29.2
29.0
29.2
29.3
29.4
29.5
29.2
29.1
29.2
29.2
29.3
29.3
29.0
29.0
29.0
29.1
29.2
29.0
29.0
29.1
29.2
29.3
29.4
29.0
29.1
29.2
29.2
29.3
29.1
29.1
29.1
29.1
29.3
29.3
29.0
29.1
29.2
29.3
29.4
29.4
29.0
29.1
29.2
29.3
29.4
29.4
29.2
29.3
29.4
29.5
29.6
29.3
29.2
29.2
29.3
29.3
29.2
29.0
29.1
29.2
29.3
29.4
29.2
29.1
29.2
29.4
29.4
29.5
29.2
29.2
29.4
29.5
29.5
29.6
29.2
29.2
29.2
29.3
29.3
29.2
29.1
29.1
29.2
29.2
29.4
29.1
29.0
29.0
29.1
29.2
29.3
29.0
29.1
29.2
29.2
29.3
29.2
29.1
29.2
29.3
29.3
29.4
29.1
29.2
29.2
29.3
29.4
29.4
29.1
29.2
29.2
29.2
29.2
29.2
29.0
29.1
29.2
29.3
29.3
29.2
29.1
29.2
29.3
29.3
29.3
29.0
29.1
29.1
29.2
29.3
29.1
29.0
29.2
29.3
29.4
29.5
29.3
29.2
29.4
29.5
29.5
29.5
29.2
29.2
29.3
29.3
29.4
29.4
29.1
29.3
29.4
29.5
29.5
29.1
29.2
29.3
29.4
29.5
29.5
29.2
29.3
29.4
29.4
29.5
29.2
29.2
29.3
29.3
29.3
29.2
29.0
29.2
29.3
29.4
29.4
29.2
29.2
29.3
29.3
29.5
29.6
29.2
