26.1
26.3
26.4
26.4
26.4
26.4
26.6
26.6
26.7
26.7
26.8
26.9
26.8
26.8
26.8
26.8
26.9
26.8
26.9
26.8
26.8
26.8
26.8
26.8
26.7
26.8
26.8
26.8
26.9
26.9
26.9
26.8
26.9
26.9
27.1
27.0
27.0
27.0
26.9
26.9
26.9
26.9
26.9
26.9
26.8
26.8
26.8
26.8
26.7
26.7
26.7
26.7
26.7
26.6
26.6
26.6
26.6
26.6
26.8
26.7
26.7
26.7
26.6
26.6
26.6
26.6
26.6
26.6
26.6
26.7
26.7
26.7
26.7
26.7
26.7
26.7
26.7
26.7
26.7
26.7
27.0
26.9
26.8
26.8
26.7
26.7
26.7
26.7
26.7
26.6
26.7
26.7
26.6
26.6
26.7
26.7
26.7
26.7
26.7
26.7
26.6
26.6
26.6
26.6
26.6
26.6
26.6
26.6
26.6
26.6
26.6
26.6
26.6
26.7
26.7
26.7
26.9
27.1
27.1
27.1
27.1
26.9
26.9
26.9
26.9
26.8
26.8
26.8
26.7
26.7
26.8
26.8
26.8
26.7
26.9
26.9
26.8
26.8
26.8
26.7
26.7
26.8
26.7
26.7
26.6
26.6
26.6
26.6
26.6
26.6
26.6
26.7
26.7
26.6
26.6
26.6
26.6
26.6
26.6
26.6
26.6
26.6
26.5
26.7
26.6
26.6
26.6
26.5
26.6
26.5
26.5
26.5
26.4
26.5
26.4
26.4
26.5
26.5
26.5
26.5
26.5
26.5
26.5
26.6
26.5
26.6
26.5
26.6
26.6
33.2
26.6
26.5
26.5
26.5
26.6
26.6
26.6
26.8
26.8
26.8
26.7
26.7
26.6
26.6
26.6
26.6
26.6
26.6
26.6
26.6
26.6
26.5
26.5
26.5
26.5
26.5
26.6
26.6
26.5
26.5
26.5
26.5
26.5
26.5
26.5
26.5
26.6
26.6
26.7
32.4
26.6
26.6
26.7
26.6
27.2
27.8
27.6
27.5
27.5
27.3
27.3
27.2
27.1
27.1
27.0
26.9
26.9
26.9
26.8
26.8
26.7
26.7
26.7
26.7
26.6
26.7
26.6
26.6
26.6
26.5
26.6
26.5
26.5
26.5
26.5
26.5
26.5
26.4
26.4
26.5
26.5
26.4
26.4
26.4
26.4
26.4
26.4
26.4
26.4
26.4
26.5
26.4
26.4
26.4
32.4
26.6
26.5
26.5
26.5
26.5
26.5
26.5
26.5
26.5
26.5
26.5
26.6
26.6
26.6
26.6
26.6
26.6
26.6
26.5
26.5
26.5
26.5
26.6
26.5
26.5
26.5
26.5
26.5
26.4
26.4
26.4
26.4
26.4
26.5
26.5
26.4
26.4
26.4
26.4
26.4
26.4
26.4
26.5
26.6
26.6
26.6
26.6
26.5
26.5
26.5
26.5
26.5
26.4
26.5
26.5
26.5
26.5
26.5
26.4
26.4
26.4
26.4
26.4
26.4
26.4
26.4
26.4
26.4
26.4
26.4
26.4
26.4
26.4
26.4
26.4
26.4
26.4
26.4
26.4
26.4
26.4
26.5
26.5
26.5
26.4
26.4
26.5
26.4
26.4
26.4
26.6
26.6
26.5
26.5
26.5
26.4
26.4
26.5
26.5
26.4
26.4
26.4
26.5
26.4
26.4
26.4
26.4
26.4
26.5
26.5
26.4
26.4
26.4
26.5
26.5
26.4
26.4
26.4
26.5
26.5
26.5
26.4
26.4
26.4
26.4
26.4
26.4
26.4
26.4
26.4
26.4
26.4
26.7
26.7
26.7
27.0
27.0
26.9
26.8
26.8
26.7
26.8
26.7
26.7
26.7
26.6
26.6
26.6
26.6
26.5
26.6
26.6
26.6
26.5
26.5
26.5
26.5
26.5
26.4
26.4
26.4
26.4
26.4
26.4
26.4
26.4
26.5
26.5
26.5
26.5
26.4
26.4
26.4
26.5
26.5
26.5
26.5
26.5
26.5
26.4
26.4
26.4
26.5
26.5
26.4
26.5
26.5
26.4
26.5
26.4
26.5
26.4
26.4
26.4
26.4
26.4
26.4
26.4
26.4
26.4
26.4
26.5
26.5
26.5
26.5
26.5
26.5
26.5
26.4
26.5
26.5
26.5
26.5
26.5
26.5
26.5
32.4
32.0
26.2
26.2
26.2
26.3
26.3
26.4
26.3
26.3
26.4
26.4
26.3
26.3
26.4
26.4
26.4
26.4
26.4
26.4
26.5
26.4
26.4
26.4
26.4
26.4
26.4
26.4
26.4
26.4
26.4
26.4
26.4
26.4
26.4
26.4
26.4
26.4
26.5
26.5
26.4
26.4
26.4
26.4
26.5
26.4
26.5
26.5
26.5
26.4
26.4
26.4
26.5
26.6
26.5
26.5
26.5
26.5
26.5
26.4
26.4
26.4
26.4
26.4
26.4
26.3
26.4
26.4
26.4
26.4
26.3
26.3
26.3
26.4
26.4
26.4
26.4
26.4
26.4
26.4
26.4
26.4
26.3
26.4
26.3
26.3
26.3
26.4
26.4
26.4
26.4
26.4
26.3
26.3
26.3
26.4
26.4
26.4
26.4
50.5
50.4
29.1
28.7
28.4
33.9
50.7
50.5
26.4
26.4
26.4
26.4
26.4
26.5
26.4
26.5
26.7
26.8
26.8
44.3
50.5
34.3
26.6
26.5
26.5
26.5
26.5
26.5
26.5
26.7
26.8
26.7
26.7
26.6
26.6
26.6
26.6
26.5
26.6
26.6
26.5
26.5
26.5
26.5
26.5
26.5
26.5
26.4
26.5
26.5
26.5
26.5
26.4
26.4
26.4
26.4
26.5
26.4
26.5
26.5
26.5
26.4
26.4
26.4
26.4
26.4
26.4
26.9
26.8
26.8
26.7
26.7
26.6
26.6
26.6
26.5
26.5
26.5
26.5
26.5
26.5
26.4
26.4
26.4
26.5
26.4
26.5
26.5
26.5
26.5
26.5
26.5
26.5
26.5
26.5
26.5
26.5
26.5
26.5
26.5
26.6
26.6
26.5
26.5
26.5
26.5
26.5
26.4
26.4
26.4
26.4
26.4
26.4
26.4
26.5
26.5
26.4
26.7
26.8
26.9
26.9
26.8
26.8
26.7
26.7
26.7
26.6
26.7
26.7
26.6
26.6
26.6
26.6
26.5
26.6
26.6
26.6
26.6
26.5
26.5
26.5
26.5
26.5
26.5
26.5
26.5
26.5
26.4
26.5
26.4
26.5
26.5
26.5
26.5
26.4
26.4
26.4
26.5
26.5
26.5
26.4
26.4
26.5
26.6
26.6
26.6
26.6
26.6
26.6
26.6
26.6
26.5
26.5
26.5
26.5
26.5
26.5
26.5
26.4
26.5
26.5
26.4
26.4
26.5
26.5
26.5
26.5
26.5
26.5
26.5
26.6
26.6
26.5
26.5
26.6
26.6
26.6
26.8
26.8
26.7
26.7
26.7
26.6
26.6
26.6
26.5
26.5
26.5
26.5
26.4
26.4
26.5
26.4
26.4
26.4
26.4
26.4
26.4
26.5
26.4
26.4
26.5
26.5
26.4
26.4
26.4
26.5
26.5
26.5
26.5
26.5
26.6
26.5
26.5
26.5
26.5
26.6
26.6
26.5
26.5
26.5
26.5
26.5
26.5
26.5
26.5
26.5
26.5
26.5
26.5
26.5
26.5
26.5
26.5
26.5
