32.6
32.4
32.2
32.0
31.5
31.2
31.3
31.2
31.2
30.8
30.7
30.7
30.7
30.9
30.7
30.5
30.5
30.5
30.6
30.6
30.3
30.3
30.4
30.5
30.5
30.2
30.2
30.4
30.4
30.5
30.5
30.2
30.3
30.3
30.3
30.3
30.2
30.1
30.2
30.3
30.3
30.5
30.2
30.2
30.3
30.4
30.5
30.2
30.3
30.4
30.4
30.5
30.5
30.2
30.3
30.5
30.7
30.6
30.3
30.4
30.4
30.4
30.5
30.2
30.3
30.4
30.3
30.5
30.4
30.2
30.2
30.3
30.2
30.3
30.1
30.1
30.2
30.3
30.4
30.3
30.1
30.1
30.2
30.3
30.4
30.0
30.2
30.3
30.2
30.3
30.1
30.1
30.2
30.3
30.4
30.5
30.1
30.3
30.4
30.4
30.4
30.1
30.2
30.3
30.4
30.5
30.4
30.2
30.2
30.2
30.3
30.4
30.1
30.1
30.2
30.2
30.4
30.2
30.1
30.2
30.2
30.3
30.5
30.2
30.3
30.4
30.5
30.6
30.5
30.3
30.4
30.4
30.4
30.5
30.2
30.2
30.3
30.4
30.5
30.3
30.3
30.3
30.4
30.5
30.6
30.2
30.3
30.4
30.4
30.5
30.2
30.2
30.3
30.4
30.4
30.4
30.2
30.3
30.4
30.5
30.4
30.1
30.3
30.3
30.3
30.4
30.1
30.3
30.3
30.3
30.4
30.3
30.2
30.3
30.4
30.4
30.5
30.3
30.2
30.3
30.4
30.5
30.5
30.2
30.2
30.4
30.4
30.5
30.1
30.2
30.3
30.4
30.5
30.2
30.3
30.3
30.5
30.6
30.6
30.4
30.3
30.4
30.5
30.5
30.2
30.3
30.3
30.3
30.5
30.3
30.3
30.3
30.4
30.4
30.2
30.1
30.1
30.2
30.2
30.3
30.1
30.1
30.2
30.2
30.4
30.2
30.1
30.1
30.2
30.4
30.5
30.2
30.3
30.4
30.4
30.5
30.3
30.2
30.3
30.4
30.5
30.3
30.2
30.2
30.3
30.4
30.4
30.1
30.2
30.3
30.4
30.5
30.1
30.3
30.4
30.4
30.5
30.4
30.1
30.2
30.4
30.4
30.5
30.1
30.2
30.2
30.3
30.3
30.0
29.9
30.1
30.2
30.4
30.3
30.0
30.1
30.2
30.2
30.4
30.0
30.1
30.2
30.3
30.4
30.3
30.2
30.2
30.2
30.4
30.4
30.1
30.2
30.7
37.8
