49.9
76.7
54.9
32.8
38.4
38.0
43.2
32.6
32.1
32.6
33.0
32.9
33.5
33.7
33.8
34.4
34.7
34.5
34.0
34.4
34.6
34.3
33.7
28.0
27.7
27.6
27.4
27.3
27.2
27.1
27.0
26.9
26.9
27.2
26.8
35.7
30.0
30.0
29.6
29.7
29.7
29.8
29.8
29.5
29.5
29.6
29.6
29.8
29.6
29.5
29.6
29.7
29.8
29.6
29.4
29.5
29.6
29.6
29.8
29.7
29.8
29.8
29.8
29.9
29.5
29.9
29.8
29.9
29.8
29.6
29.6
29.6
29.7
29.7
29.4
29.3
29.3
29.4
29.5
29.4
29.2
29.4
29.5
29.5
29.5
29.2
29.3
29.4
29.5
29.8
29.4
29.5
29.7
29.7
29.8
29.5
29.5
29.5
29.6
29.7
29.3
29.4
29.5
29.5
29.6
29.4
29.2
29.4
29.5
29.6
29.6
29.3
29.4
29.4
29.5
29.6
29.4
29.2
29.3
29.4
29.6
29.5
29.3
29.3
29.4
29.5
29.5
29.2
29.3
29.4
29.4
29.5
29.2
29.2
29.3
29.4
29.5
29.6
29.2
29.3
29.4
29.4
29.8
29.5
29.5
29.6
29.6
29.7
29.4
29.4
29.5
29.6
29.7
29.7
29.4
29.5
29.6
29.6
29.6
29.3
29.3
29.4
29.5
29.6
29.2
29.2
29.3
29.4
29.5
29.1
29.2
29.3
29.4
29.4
29.2
29.2
29.2
29.4
29.4
29.4
29.1
29.1
29.3
29.4
29.5
29.2
29.3
29.4
29.5
29.5
29.2
29.3
29.3
29.4
29.5
29.2
29.3
29.4
29.5
29.5
29.6
29.2
29.2
29.3
29.4
29.4
29.3
29.2
29.3
29.4
29.5
29.6
29.2
29.2
29.4
29.5
29.5
29.4
29.3
29.4
29.5
29.5
29.5
29.1
29.2
29.3
29.4
29.4
29.1
29.2
29.4
29.4
29.5
29.5
29.2
29.3
29.4
29.5
29.5
29.2
29.2
29.3
29.4
29.4
29.2
29.2
29.3
29.4
29.5
29.5
29.2
29.2
29.3
29.4
36.4
27.4
27.5
27.7
28.0
28.3
28.2
28.4
28.5
28.9
35.1
28.4
28.4
28.6
28.9
29.1
29.2
28.8
28.9
29.0
29.1
29.5
29.3
29.3
29.4
29.5
29.4
29.2
29.1
29.2
29.3
29.4
29.4
29.1
29.2
29.3
29.4
29.5
29.1
29.2
29.3
29.3
29.3
29.1
29.0
29.2
29.2
29.4
29.4
29.1
29.3
29.3
29.4
29.5
29.2
29.3
29.5
29.5
29.5
29.4
29.2
29.2
29.3
29.4
29.4
30.0
30.0
30.0
30.0
29.9
29.5
29.5
29.5
29.4
29.5
29.4
29.2
29.3
29.2
29.2
29.4
29.0
29.1
29.1
29.3
29.4
29.3
29.2
29.3
29.3
29.4
29.4
29.1
29.1
29.2
29.3
29.3
29.0
29.1
29.2
29.3
29.4
29.3
29.1
29.2
29.2
29.3
29.4
29.6
29.7
29.6
29.7
29.7
29.5
29.4
29.4
29.6
29.6
29.5
29.2
29.3
29.4
29.5
29.5
29.2
29.2
29.3
29.4
29.5
29.2
29.1
29.2
29.2
29.2
29.1
29.0
29.1
29.2
29.3
29.4
29.1
29.2
29.2
29.3
29.3
29.0
29.1
29.3
29.4
29.5
29.2
29.1
34.3
34.2
33.7
28.4
28.2
28.5
28.7
28.9
29.0
28.7
28.8
28.9
28.9
29.0
28.8
28.8
29.0
29.1
29.2
29.0
28.9
29.0
29.1
29.1
29.2
28.9
29.0
29.2
29.2
29.2
28.9
29.0
29.1
29.1
29.0
28.8
28.9
28.9
29.0
29.1
28.8
28.9
29.0
29.1
29.2
28.9
29.0
29.2
29.2
29.3
29.1
29.1
29.2
29.2
29.3
29.4
29.0
29.1
29.3
29.4
29.5
29.2
29.3
29.4
29.4
29.5
29.4
29.2
29.2
29.3
29.4
29.5
29.1
29.1
29.3
29.3
29.2
29.0
29.0
29.1
29.2
29.3
29.3
29.0
29.1
29.2
29.3
29.4
29.1
29.2
29.3
29.4
29.4
29.4
29.1
29.2
29.3
29.3
29.3
29.0
29.1
29.1
29.1
29.2
29.0
29.0
29.1
29.1
29.2
29.1
28.8
29.0
29.1
29.2
29.2
29.0
29.1
29.2
29.3
29.4
29.3
29.2
29.3
29.3
29.4
29.3
29.0
29.1
29.2
29.3
29.4
29.0
29.1
29.1
29.2
29.3
29.0
29.0
29.2
29.2
29.3
29.0
29.1
29.2
29.3
29.4
29.2
29.1
29.2
29.2
29.3
29.3
29.2
29.3
29.4
29.5
29.5
29.1
29.0
29.1
29.2
29.3
29.0
29.1
29.2
29.2
29.3
29.0
29.1
29.2
29.1
29.2
29.0
29.0
29.2
29.2
29.3
29.3
29.1
29.2
29.2
29.3
29.4
29.2
29.3
29.3
29.4
29.5
29.2
29.1
29.3
29.4
29.4
29.4
29.0
29.1
29.2
29.3
29.4
29.0
29.1
29.2
29.2
29.3
29.1
29.0
29.1
29.2
29.3
29.2
29.0
29.1
29.1
29.2
29.1
29.1
29.2
29.2
29.2
29.0
29.0
29.1
29.1
29.2
29.0
28.9
29.1
29.1
29.2
29.1
28.9
29.0
29.1
29.2
29.1
28.9
29.1
29.0
29.1
29.2
28.8
29.0
29.0
29.1
29.2
29.1
29.1
29.1
29.2
29.2
28.9
29.0
29.1
29.2
29.3
29.3
29.2
29.3
29.2
29.3
29.1
28.8
29.0
29.0
29.1
29.1
28.9
28.9
29.0
29.0
29.1
29.1
28.9
28.9
28.9
29.1
29.2
29.1
29.2
29.2
29.3
29.3
29.1
29.1
29.1
29.2
29.3
29.0
29.0
29.2
29.2
29.3
29.0
29.1
29.2
29.2
29.3
29.2
29.0
29.2
29.2
29.3
29.3
28.9
29.0
29.0
29.1
29.1
28.9
29.0
29.2
29.1
29.2
29.1
28.9
29.0
29.1
29.2
29.2
29.0
29.1
29.2
29.2
29.3
29.0
29.1
29.1
29.2
29.2
28.9
29.0
29.2
29.3
29.3
29.1
29.1
29.2
29.3
29.3
29.3
29.2
29.2
29.4
29.4
29.4
29.0
29.1
29.2
29.4
29.4
29.1
29.1
29.3
29.3
29.4
29.1
29.2
29.3
29.3
29.4
29.2
29.1
29.2
29.3
29.4
29.4
29.0
29.1
29.1
29.2
29.3
29.0
29.1
29.2
29.4
29.5
29.3
29.1
29.2
29.3
29.4
29.4
29.1
29.2
29.2
29.1
29.3
29.2
29.0
29.1
29.2
29.2
29.2
29.0
29.0
29.1
29.2
29.3
29.0
29.0
29.1
29.3
29.4
29.2
29.1
29.1
29.2
29.3
29.3
29.0
29.1
29.1
29.2
29.3
29.1
29.0
29.1
29.2
29.2
29.1
28.9
29.0
29.1
29.2
29.1
28.9
29.0
29.1
29.2
29.3
29.0
29.1
29.2
29.4
29.4
29.2
29.1
29.1
29.2
29.3
29.3
29.0
29.0
29.1
29.2
29.3
29.0
29.1
29.1
29.2
29.3
29.3
29.0
29.1
29.2
29.3
29.3
29.0
29.1
29.2
29.3
29.4
29.0
29.1
29.1
29.2
29.3
29.0
29.0
29.1
29.2
29.3
29.1
29.0
29.0
29.2
29.2
29.2
28.9
29.0
29.1
29.2
29.4
29.1
