42.4
42.1
41.7
41.4
35.9
42.8
43.0
42.8
34.7
34.7
35.1
44.3
44.4
44.5
38.6
38.7
39.3
45.5
45.5
45.5
45.5
45.6
45.5
45.5
45.3
45.0
44.9
44.9
44.8
44.6
44.5
44.3
44.3
44.3
44.3
43.9
43.8
43.6
43.3
43.6
43.8
43.9
44.1
44.3
44.4
44.6
44.7
44.7
44.6
39.5
39.1
39.1
45.1
45.1
45.1
45.2
45.2
45.2
45.3
45.3
45.3
45.3
45.1
45.2
45.2
45.3
45.3
45.3
45.3
45.4
45.4
45.4
45.4
45.4
45.4
45.4
45.5
45.5
45.5
45.6
45.6
45.6
45.7
45.6
45.6
45.7
45.7
45.4
45.4
45.4
45.4
45.4
45.2
45.2
45.3
45.4
45.5
45.5
45.5
45.5
45.5
45.6
45.6
45.6
45.6
45.6
45.1
35.5
36.0
36.6
37.0
37.3
37.7
37.7
38.1
38.3
38.7
45.5
45.4
45.4
45.4
45.1
44.5
44.0
43.6
36.8
37.2
43.2
43.4
43.0
42.7
42.8
42.7
42.9
42.3
35.9
36.4
36.9
42.0
41.6
41.7
41.5
41.4
41.4
40.9
40.9
41.1
41.0
41.2
40.9
40.9
41.1
40.9
41.3
41.9
42.4
42.8
43.2
43.5
43.9
44.1
44.3
44.5
44.7
44.9
44.8
44.8
45.0
45.1
44.9
39.5
39.5
39.7
40.1
40.1
40.2
40.3
40.8
41.0
41.0
41.0
40.8
40.6
40.8
40.9
41.1
40.9
40.9
41.0
41.2
41.2
41.4
41.5
41.9
42.4
42.9
42.6
43.0
43.4
43.8
44.0
44.2
44.5
44.6
44.6
44.6
44.5
44.5
44.5
44.6
44.6
44.7
44.8
44.9
44.9
45.0
45.1
45.2
45.3
45.5
45.5
45.6
45.6
45.7
45.8
45.8
45.8
45.9
45.9
46.0
46.0
45.9
46.0
46.0
46.0
46.0
46.0
46.0
46.0
46.1
46.1
46.1
46.1
46.1
46.1
46.1
46.1
46.1
46.0
46.0
45.9
45.9
45.9
45.9
46.0
46.0
46.0
46.0
46.1
46.1
46.1
46.1
46.0
45.9
45.9
45.9
45.9
45.7
45.7
45.7
45.8
45.8
45.8
45.8
45.8
45.8
45.8
45.7
45.6
45.1
44.7
44.8
39.5
40.1
45.9
45.8
45.8
45.9
45.8
45.8
45.8
45.2
37.8
37.9
38.5
