35.9
28.9
29.0
29.2
29.2
29.0
29.1
29.3
29.2
29.4
29.2
29.1
29.2
29.3
29.4
29.5
29.2
29.1
29.3
29.4
29.5
29.2
29.2
29.3
29.8
29.8
29.5
29.7
29.8
29.8
30.1
29.7
29.7
29.8
29.7
29.7
29.5
29.4
29.5
29.4
29.6
29.5
29.2
29.3
29.4
29.5
29.6
29.3
29.3
29.4
29.4
29.4
29.2
29.2
29.2
29.3
29.5
29.3
29.2
29.4
29.4
29.5
29.6
29.2
29.2
29.4
29.6
29.6
29.2
29.3
29.4
29.4
29.5
29.3
29.3
29.4
29.4
29.4
29.4
29.2
29.2
29.3
29.4
29.5
29.2
29.3
29.3
29.3
29.3
29.1
29.2
29.4
29.5
29.5
29.3
29.2
29.3
29.3
29.4
29.5
29.2
29.3
29.3
29.4
29.4
29.2
29.4
29.5
29.5
29.5
29.4
29.3
29.4
29.4
29.4
29.5
29.2
29.2
29.2
29.3
29.4
29.2
29.3
29.5
29.6
29.6
29.3
29.3
29.4
29.4
29.5
29.3
29.2
29.3
29.3
29.4
29.5
29.2
29.3
29.2
29.3
29.4
29.1
29.2
29.1
29.1
29.2
28.9
29.0
29.2
29.2
29.4
29.2
29.2
29.4
29.5
29.5
29.6
29.2
29.3
29.3
29.4
29.5
29.2
29.2
29.3
29.4
29.5
29.2
29.0
29.0
29.1
29.2
28.9
29.0
29.1
29.2
29.3
29.1
28.9
29.1
29.2
29.2
29.3
28.9
29.0
29.2
29.3
29.3
29.1
29.1
29.2
29.3
29.3
29.3
29.0
29.1
29.2
29.3
29.4
29.1
29.0
29.1
29.3
29.3
29.0
29.1
29.0
29.1
29.2
29.0
28.9
29.1
29.2
29.2
29.1
28.9
29.1
29.2
36.4
29.7
29.3
29.3
29.4
29.4
29.4
29.2
29.2
34.7
29.5
29.6
29.6
29.5
29.6
29.7
29.7
29.7
29.4
29.3
35.3
29.7
29.7
29.3
29.2
29.3
29.4
29.4
29.1
29.1
29.1
29.2
29.3
29.1
29.0
29.1
29.2
29.2
29.2
28.9
29.0
29.2
29.2
29.2
28.9
28.9
29.0
29.2
29.4
29.0
29.1
29.2
29.4
29.5
29.2
29.2
29.2
29.3
29.4
29.2
29.2
29.3
29.3
29.4
29.6
29.4
29.5
29.5
29.4
29.4
29.1
29.3
29.3
29.4
29.4
29.1
29.2
29.3
29.3
29.4
29.3
29.1
29.2
29.2
29.3
29.3
29.0
29.0
29.1
29.2
29.2
29.0
29.0
29.1
29.2
29.3
29.3
29.0
29.1
29.2
29.3
29.3
29.0
29.0
29.0
29.1
29.2
28.8
41.1
30.1
30.1
30.1
30.0
29.6
29.7
29.7
29.7
29.7
29.4
29.4
29.5
29.5
29.5
29.3
29.2
29.2
29.3
29.4
29.2
29.1
29.2
29.3
29.3
29.3
29.0
29.0
29.2
29.2
29.3
29.0
29.1
29.2
29.2
29.4
29.2
29.0
29.2
29.3
29.2
29.3
29.0
29.0
29.2
29.3
29.4
29.1
29.1
29.2
29.3
29.3
29.4
29.0
29.2
29.3
29.3
29.3
29.0
29.0
29.1
29.1
29.1
29.0
29.0
29.1
29.2
29.2
29.1
29.0
29.1
29.2
29.3
29.2
28.9
29.0
29.2
29.2
29.2
28.9
28.9
29.0
29.0
29.2
29.0
28.9
29.0
29.0
29.0
29.1
28.8
28.9
29.0
29.1
29.3
28.9
29.1
29.2
29.3
29.3
29.1
28.9
29.1
29.1
29.2
29.2
28.9
29.0
29.1
29.1
29.2
28.9
29.0
29.1
29.2
29.3
29.1
29.0
29.1
29.2
29.2
29.2
29.0
29.0
29.1
29.2
29.3
28.9
28.9
29.0
29.2
29.2
28.9
29.0
29.0
29.1
29.2
29.2
28.9
28.9
28.9
29.1
29.1
28.8
28.9
29.0
29.2
29.3
29.0
29.0
29.1
29.2
29.2
28.9
28.9
29.0
29.2
29.2
29.1
29.0
29.1
29.1
29.2
29.0
28.9
29.0
29.1
29.2
29.3
29.0
29.1
29.1
29.2
29.2
29.0
29.0
29.1
29.2
29.3
29.0
29.1
29.0
29.2
29.2
29.1
29.0
29.2
29.3
29.4
29.4
29.0
29.5
29.5
29.6
29.6
29.2
29.3
29.3
29.3
29.4
29.1
29.3
29.4
29.6
29.6
29.6
29.3
29.1
29.2
29.4
29.4
29.1
29.1
29.0
29.0
29.1
28.8
28.9
28.9
29.1
29.2
29.0
28.9
29.0
29.1
29.2
29.2
28.9
29.0
29.1
29.2
29.2
29.0
29.1
29.0
29.1
29.2
29.0
29.0
29.1
29.0
29.2
29.0
28.9
29.0
29.0
29.1
29.2
28.9
29.0
29.2
29.4
29.4
29.2
29.2
29.2
29.2
29.3
29.3
29.1
29.2
29.3
29.3
29.4
29.1
29.2
29.3
29.4
29.4
29.4
29.1
29.2
29.3
29.3
29.4
29.2
29.1
29.2
29.3
29.4
29.4
29.2
29.2
29.2
29.2
29.3
29.0
29.1
29.2
29.3
29.4
29.2
29.2
29.3
29.3
29.3
29.3
29.0
29.2
29.2
29.2
29.3
29.0
29.0
29.1
29.2
29.3
29.1
29.0
29.1
29.2
29.3
29.3
29.0
29.1
29.2
29.2
29.3
29.0
29.1
29.2
29.2
29.2
29.1
29.0
29.0
29.1
29.2
29.2
28.9
29.0
29.1
29.2
29.2
29.1
29.2
29.3
29.3
29.3
29.1
29.0
29.0
29.1
29.2
29.3
29.0
28.9
29.0
29.1
29.2
29.0
28.9
29.0
29.1
29.2
29.1
28.9
29.0
29.0
29.1
29.3
28.9
29.0
29.1
29.3
29.4
29.2
29.1
29.1
29.2
29.2
29.3
28.9
29.1
29.1
29.1
29.1
28.9
28.9
29.1
29.2
29.3
29.2
28.9
29.1
29.1
29.2
29.3
28.9
29.0
29.1
29.1
29.1
28.9
29.0
29.1
29.1
29.2
29.0
28.9
29.0
29.1
29.2
29.0
28.9
29.0
29.1
29.2
29.3
28.9
29.0
29.1
29.3
29.3
29.0
29.1
29.1
29.2
29.3
29.4
29.1
29.1
29.2
29.3
29.0
29.1
29.4
29.4
29.5
29.2
29.4
29.5
29.1
29.2
29.3
29.3
29.2
29.0
29.1
29.1
29.2
29.2
28.9
29.0
29.1
29.2
29.4
29.2
29.1
29.3
29.3
29.3
29.3
29.0
29.2
29.3
29.3
29.4
29.1
29.0
29.1
29.2
29.2
28.9
29.0
29.0
29.1
29.2
29.1
28.9
29.0
29.0
29.1
29.2
28.9
29.0
29.1
29.2
29.2
29.0
29.0
29.1
29.2
29.2
29.2
29.0
29.1
29.1
29.2
29.3
29.0
29.1
29.1
29.2
29.2
29.0
28.9
28.9
29.0
29.1
29.0
28.8
28.9
29.0
29.1
29.2
28.8
28.9
29.0
29.2
29.2
28.9
28.9
29.0
29.0
29.0
28.8
29.0
29.1
29.3
29.2
29.1
29.0
29.0
