26.7
32.0
31.8
31.4
31.1
31.0
30.9
30.9
30.9
30.5
30.4
30.5
30.5
30.6
30.2
30.2
30.3
30.2
30.2
30.0
29.9
29.9
30.0
30.1
30.0
29.7
29.9
29.9
30.0
30.1
29.7
29.8
29.8
29.8
30.0
29.5
29.6
29.7
29.9
29.9
29.6
29.5
29.7
29.8
29.9
29.8
29.5
29.6
29.7
29.8
29.8
29.6
29.7
29.8
29.9
30.0
29.6
29.7
29.9
29.9
30.0
29.6
29.6
29.7
29.8
30.0
29.8
29.8
29.8
29.9
30.0
29.9
29.7
29.8
29.9
30.0
30.1
29.7
29.8
29.9
30.0
30.1
29.8
29.6
29.6
29.7
29.8
29.5
29.5
30.1
30.2
30.3
30.1
29.8
29.9
30.0
30.1
30.2
29.8
30.0
30.0
30.1
30.1
29.7
29.8
29.9
29.8
30.0
29.7
29.8
29.9
30.0
30.0
29.8
29.6
29.7
29.8
29.9
29.8
29.7
29.7
29.8
29.7
29.6
29.4
29.5
29.7
29.9
29.7
29.4
29.6
29.9
29.9
29.8
29.4
29.5
29.6
29.8
29.8
29.5
29.5
29.6
29.8
29.9
29.6
29.5
29.6
29.7
29.8
29.9
29.6
29.7
29.9
29.8
29.9
29.7
29.7
29.7
29.9
30.1
29.9
29.7
29.6
29.8
29.9
29.8
29.6
29.7
29.8
29.8
29.9
29.5
29.6
29.8
30.0
30.0
29.7
29.7
29.8
29.8
29.9
29.5
29.5
29.6
29.8
29.9
29.8
29.6
29.7
29.7
29.8
29.6
29.5
29.5
29.6
29.7
29.9
29.5
29.5
29.5
29.6
29.6
29.4
29.5
29.6
29.7
29.8
29.4
29.4
29.6
29.7
29.8
29.7
29.6
29.7
29.9
29.7
29.7
29.5
29.6
29.7
29.8
29.7
29.5
29.6
29.7
29.8
29.6
29.5
29.6
29.8
29.8
29.7
29.5
29.6
29.6
29.7
29.7
29.5
29.6
29.6
29.8
29.8
29.5
29.6
29.8
29.9
29.9
29.7
29.6
29.7
29.8
29.8
29.4
29.4
29.5
29.6
29.7
29.5
29.3
29.5
29.6
29.7
29.6
29.4
29.5
29.5
29.5
29.6
29.3
29.4
29.6
29.6
29.7
29.3
29.4
29.6
29.7
29.7
29.4
29.4
29.5
29.6
29.7
29.3
29.4
29.5
29.6
29.8
29.6
29.5
29.5
29.6
29.7
29.8
29.4
29.4
29.5
29.6
29.7
29.3
29.4
29.4
29.5
29.5
29.2
29.3
29.5
29.6
29.8
29.4
29.4
29.5
29.5
29.5
29.4
29.2
29.5
29.5
29.5
29.6
29.2
29.4
29.5
29.5
29.4
29.2
29.4
29.5
29.6
29.7
29.3
29.3
29.5
29.7
29.8
29.4
29.5
29.5
29.6
29.7
29.4
29.6
29.6
29.7
29.7
29.6
29.3
29.2
29.3
29.4
29.3
29.2
29.4
29.4
29.5
29.4
29.3
29.4
29.5
29.6
29.6
29.3
29.5
29.6
29.7
29.7
29.4
29.5
29.6
29.7
29.7
29.3
29.4
29.5
29.6
29.7
29.5
29.4
29.4
29.5
29.5
29.4
29.3
29.4
29.5
29.6
29.4
29.3
29.3
29.4
29.6
29.6
29.3
29.3
29.4
29.5
29.7
29.5
29.5
29.7
29.8
29.9
29.6
29.6
29.6
29.6
29.7
29.5
29.5
29.5
29.6
29.7
29.4
29.4
29.6
29.7
29.8
29.6
29.3
29.4
29.6
29.7
29.8
29.4
29.5
29.7
29.6
29.8
29.4
29.5
29.7
29.8
29.9
29.5
29.6
29.7
29.7
29.8
29.5
29.5
29.6
29.8
29.8
29.6
29.6
29.7
29.8
29.8
29.5
29.4
29.4
29.5
29.7
29.3
29.4
29.5
29.6
29.6
29.4
29.3
29.4
29.5
29.6
29.4
29.4
29.4
29.5
29.6
29.4
29.3
29.4
29.5
29.6
29.5
29.3
29.2
29.4
29.5
29.6
29.2
29.3
29.4
29.5
29.7
29.4
29.3
29.4
29.5
29.6
29.4
29.5
29.6
29.8
29.9
29.8
29.6
29.7
29.7
29.8
29.9
29.4
29.6
29.8
29.9
29.9
29.6
29.6
29.7
29.8
29.8
29.6
29.4
29.5
29.7
29.8
29.9
29.5
29.6
29.7
29.8
30.0
29.7
29.7
29.8
29.8
29.9
29.8
29.6
29.7
29.7
29.8
29.7
29.4
29.5
29.6
29.6
29.5
29.3
29.5
29.6
29.7
29.6
29.3
29.5
29.6
29.7
29.6
29.4
29.4
29.5
29.5
29.5
29.3
29.4
29.6
29.7
29.7
29.3
29.5
29.6
29.8
29.8
29.6
29.3
29.5
29.6
29.8
29.8
29.4
29.5
29.7
29.7
29.8
29.4
29.5
29.5
29.6
29.6
29.3
29.4
29.6
29.7
29.8
29.5
29.7
29.7
29.7
29.8
29.4
29.4
29.5
29.7
29.7
29.3
29.4
29.4
29.5
29.6
29.3
29.4
29.6
29.6
29.7
29.5
29.4
29.5
29.7
29.8
29.7
29.4
29.5
29.7
29.7
29.7
29.4
29.6
29.8
29.8
29.9
29.5
29.6
29.7
29.7
30.1
29.8
29.7
29.8
29.9
29.9
29.8
29.4
29.4
29.6
29.6
29.6
29.3
29.5
29.4
29.4
29.2
29.1
29.3
29.4
29.5
29.4
29.2
29.5
29.5
29.5
29.6
29.2
29.3
29.5
29.5
29.6
29.3
29.5
29.7
29.7
29.8
29.7
29.4
29.6
29.7
29.7
29.8
29.5
29.5
29.6
29.7
29.7
29.4
29.3
29.4
29.5
29.6
29.4
29.5
29.6
29.6
29.8
29.6
29.4
29.6
29.8
29.7
29.7
29.4
29.6
29.7
29.7
29.8
29.5
29.5
29.6
29.7
29.8
29.4
29.6
29.6
29.7
29.8
29.6
29.4
29.5
29.6
29.8
29.7
29.4
29.7
29.8
29.9
29.9
29.5
29.6
29.6
29.7
29.8
29.4
29.5
29.6
29.7
29.8
29.5
29.5
29.5
29.6
29.7
29.6
29.4
29.5
29.6
29.8
29.7
29.3
29.5
29.6
29.6
29.5
29.2
29.4
29.5
29.6
29.8
29.4
29.5
29.6
29.7
29.7
29.5
29.4
29.6
29.6
29.7
29.6
29.4
29.5
29.7
29.9
29.8
29.5
29.5
