44.3
38.2
37.9
37.5
37.2
37.5
38.0
44.7
44.6
44.1
43.5
43.1
42.8
42.6
42.2
41.7
41.5
41.8
42.2
42.7
43.0
43.3
43.5
43.8
44.0
44.2
44.3
44.5
44.4
44.5
44.7
44.7
44.9
45.0
45.0
45.1
45.1
45.0
45.1
45.1
45.2
45.2
45.3
45.3
45.3
45.4
45.3
45.4
45.4
45.3
45.3
45.3
45.3
45.3
45.4
45.4
45.4
45.4
45.5
45.5
45.5
45.5
45.5
45.6
45.6
45.7
45.6
45.6
45.7
45.7
45.8
45.7
45.7
45.7
45.7
45.8
45.8
45.7
45.8
45.8
45.8
45.8
45.7
45.7
45.7
45.8
45.8
45.7
45.7
45.7
45.7
45.7
45.7
45.7
45.8
45.7
45.7
45.7
45.6
45.7
45.7
45.7
45.7
45.7
45.7
45.8
45.8
45.8
45.7
45.8
45.8
45.8
45.8
45.8
45.8
45.8
45.8
45.8
45.8
45.7
45.8
45.8
45.8
45.9
45.8
45.9
45.9
45.9
46.0
45.9
45.9
45.9
45.9
45.9
45.9
45.9
45.9
45.9
45.9
45.9
45.9
45.9
45.9
45.9
45.9
45.9
45.9
45.9
45.9
46.0
45.9
45.9
46.0
46.0
46.0
46.0
46.0
46.0
46.0
46.0
46.0
46.0
46.0
46.0
46.0
46.1
46.0
46.1
46.1
46.0
46.0
45.9
45.8
45.8
45.8
45.8
40.3
40.3
40.6
41.2
41.7
42.1
42.5
43.0
43.4
43.7
44.0
44.2
44.5
44.7
44.9
45.0
45.1
45.3
45.4
45.4
45.5
45.5
45.6
45.6
45.7
45.8
45.8
45.6
45.0
44.9
45.0
44.4
44.0
38.8
38.4
38.8
38.6
39.1
46.1
46.1
46.1
46.1
46.0
46.0
46.0
46.1
46.1
46.0
45.9
45.7
45.3
45.5
45.5
45.6
45.6
45.6
45.7
45.6
45.6
45.7
45.7
45.8
45.8
45.7
45.5
45.4
45.3
45.3
45.4
45.5
45.6
45.7
45.7
45.6
45.6
45.5
45.4
45.3
45.3
45.2
45.1
44.5
44.0
38.0
38.3
38.5
38.7
39.1
39.1
39.4
39.5
39.8
39.8
39.7
39.6
40.0
40.6
46.1
46.1
46.0
46.0
45.9
45.9
45.8
45.8
45.8
45.7
45.7
45.6
45.5
45.4
45.2
45.0
45.0
44.4
