45.7
37.6
37.7
38.1
44.5
44.0
43.9
44.0
44.1
44.0
44.2
44.3
44.4
44.2
44.1
44.0
44.2
44.4
44.5
44.5
44.3
38.8
39.0
45.7
45.7
45.6
45.6
45.6
45.5
45.2
45.2
45.3
45.3
45.4
45.2
45.1
45.0
45.1
45.2
45.2
45.2
45.2
45.2
44.9
45.0
44.9
44.9
45.0
45.1
45.1
37.8
44.5
44.6
44.1
43.5
43.2
43.0
42.5
42.1
41.7
35.7
44.7
44.7
44.4
44.0
38.8
38.9
39.2
39.6
45.9
45.8
45.7
45.8
45.8
45.8
45.8
45.7
45.7
45.7
45.7
45.7
45.7
45.7
45.8
45.8
45.8
45.8
45.8
45.9
45.9
45.9
45.9
45.8
45.7
45.6
39.1
38.7
38.3
38.5
38.8
44.3
44.3
44.3
44.4
44.4
44.5
44.6
44.0
44.1
44.3
44.4
44.2
43.5
43.2
42.9
42.5
42.1
41.9
42.0
41.9
41.7
41.6
41.3
40.9
41.4
42.0
42.4
42.8
43.1
43.3
43.5
43.7
44.0
44.2
44.4
44.6
44.8
44.9
45.0
44.8
39.1
39.3
39.4
39.3
39.2
39.3
39.2
38.8
45.5
45.5
45.3
37.6
37.7
37.4
37.4
45.1
45.1
45.1
45.1
45.1
45.0
45.0
45.0
45.0
37.4
43.2
43.5
43.7
43.8
43.2
43.5
43.7
43.8
43.9
44.0
43.8
43.8
43.8
43.8
43.8
43.7
43.8
44.0
44.1
44.2
44.4
44.4
44.6
44.6
44.4
44.5
44.6
44.8
44.9
44.9
44.9
44.8
44.7
44.5
44.1
43.7
36.8
42.4
42.2
42.3
42.7
43.0
43.5
43.7
43.8
43.4
42.9
42.5
42.3
41.8
41.6
41.5
41.3
41.2
41.1
41.1
40.8
41.0
40.9
41.5
42.1
42.6
43.0
43.4
43.7
44.0
44.2
44.4
44.5
44.5
44.1
43.8
36.6
36.7
36.9
37.2
37.3
37.2
37.1
37.3
37.3
37.3
37.2
37.4
38.1
38.1
38.4
45.7
45.6
45.6
45.6
45.6
45.7
45.7
45.7
45.7
45.6
45.6
45.6
45.6
45.7
45.7
45.7
45.7
45.8
45.8
45.9
45.9
45.9
45.9
46.0
46.0
46.0
46.0
46.0
46.0
46.0
46.0
46.0
45.9
45.9
46.0
46.0
46.0
46.0
46.0
46.0
46.0
46.1
46.0
46.0
46.0
