27.4
27.3
27.6
28.0
28.3
28.6
28.4
28.6
28.8
28.9
29.1
29.3
29.0
29.1
29.2
29.3
29.5
29.5
29.2
29.3
29.4
29.6
29.7
29.6
29.4
29.5
29.5
29.6
29.7
29.6
29.4
29.4
29.6
29.6
29.8
29.5
29.5
29.6
29.6
29.7
29.8
29.5
29.6
29.6
29.7
29.7
29.6
29.5
29.6
29.6
29.8
29.8
29.4
29.5
29.4
29.5
29.6
29.4
29.3
29.4
29.5
29.6
29.6
29.3
29.4
29.6
29.6
29.7
29.7
29.4
29.4
29.6
29.6
29.7
29.5
29.4
29.5
29.6
29.7
29.8
29.4
29.3
29.4
29.5
29.5
29.3
29.3
29.4
29.6
29.7
29.7
29.3
29.4
29.5
29.5
29.5
29.4
29.4
29.4
29.5
29.6
29.7
29.4
29.4
29.5
29.6
29.6
29.7
29.4
29.4
29.5
29.6
29.6
29.6
29.3
29.2
29.4
29.5
29.6
29.4
29.2
29.4
29.5
29.5
29.6
29.3
29.3
29.5
29.6
29.6
29.7
29.4
29.4
29.4
29.5
29.6
29.5
29.2
29.3
29.4
29.4
29.5
29.4
29.3
29.4
29.5
29.5
29.6
29.3
29.3
29.3
29.4
29.5
29.3
29.2
29.3
29.3
29.4
29.5
29.3
29.3
29.4
29.5
29.5
29.5
29.2
29.3
29.4
29.5
29.5
29.3
29.3
29.4
29.5
29.5
29.5
29.2
29.3
29.5
29.6
29.6
29.2
29.3
29.4
29.4
29.5
29.5
29.2
29.3
29.4
29.5
29.5
29.3
29.3
29.4
29.5
29.6
29.6
29.2
29.3
29.4
29.3
29.4
29.0
29.2
29.2
29.4
29.4
29.4
29.2
29.3
29.3
29.4
29.4
29.3
29.3
29.4
29.4
29.4
29.3
29.1
29.3
29.4
29.5
29.4
29.0
29.2
29.3
29.4
29.5
29.6
29.3
29.3
29.4
29.5
29.6
29.7
29.3
29.4
29.6
29.6
29.6
29.5
29.3
29.3
29.4
29.5
29.5
29.4
29.3
29.3
29.4
29.5
29.7
29.4
29.3
29.4
29.4
29.5
29.5
29.2
29.2
29.3
29.5
29.6
29.3
29.3
29.4
29.4
29.5
29.4
29.2
29.3
29.4
29.5
29.6
29.3
29.3
29.4
29.5
29.4
29.2
29.1
29.3
29.4
29.4
29.5
29.3
29.3
29.2
29.3
29.3
29.4
29.1
29.2
29.3
29.5
29.6
29.5
29.3
29.4
29.4
29.5
29.5
29.1
29.3
29.4
29.4
29.5
29.4
29.2
29.3
29.4
29.5
29.4
29.2
29.4
29.4
29.5
29.5
29.3
29.2
29.4
29.4
29.5
29.5
29.2
29.3
29.4
29.5
29.6
29.7
29.3
29.3
29.3
29.4
29.5
29.4
29.2
29.3
29.4
29.5
29.6
29.3
29.3
29.4
29.6
29.6
29.5
29.3
29.4
29.4
29.5
29.5
29.2
29.2
29.3
29.3
29.4
29.4
29.1
29.2
29.3
29.5
29.5
29.2
29.2
29.2
29.3
29.4
29.6
29.2
29.2
29.4
29.5
29.5
29.3
29.3
29.5
29.5
29.6
29.7
29.4
29.3
29.4
29.5
29.6
29.7
29.3
29.4
29.4
29.5
29.6
29.5
29.2
29.2
29.4
29.4
29.6
29.2
29.3
29.4
29.4
29.4
29.2
29.0
29.2
29.2
29.3
29.4
29.1
29.2
29.3
29.3
29.5
29.4
29.2
29.4
29.5
29.6
29.6
29.4
29.2
29.3
29.3
29.4
29.5
29.2
29.2
29.3
29.4
29.4
29.4
29.2
29.3
29.4
29.5
29.5
29.3
29.3
29.3
29.4
29.4
29.2
29.1
29.2
29.2
29.2
29.3
29.0
29.2
29.2
29.4
29.6
29.4
29.3
29.4
29.5
29.6
29.5
29.2
29.3
29.4
29.4
29.5
29.6
29.2
29.4
29.4
29.5
29.6
29.3
29.3
29.4
29.4
29.5
29.6
29.2
29.3
29.3
29.4
29.5
29.4
29.3
29.4
29.4
29.5
29.6
29.3
29.3
29.4
29.5
29.5
29.6
29.3
29.3
29.2
29.4
29.4
29.4
29.1
29.3
29.3
29.4
29.5
29.4
29.3
29.4
29.4
29.5
29.6
29.2
29.3
29.4
29.4
29.5
29.3
29.2
29.2
29.3
29.4
29.5
29.2
29.1
29.2
29.2
29.2
29.2
29.0
29.1
29.2
29.3
29.3
29.2
29.0
29.1
29.3
29.2
29.3
29.0
29.1
29.2
29.2
29.3
29.3
29.0
29.1
29.2
29.3
29.4
29.3
29.2
29.2
29.3
29.4
29.5
29.2
29.2
29.3
29.3
29.6
29.4
29.3
29.4
29.5
29.6
29.7
29.4
29.3
29.5
29.5
29.6
29.7
29.3
29.4
29.5
29.4
29.5
29.4
29.2
29.2
29.3
29.4
29.5
29.3
29.2
29.3
29.4
29.4
29.5
29.1
29.3
29.4
29.4
29.5
29.3
29.1
29.1
29.2
29.2
29.3
29.0
29.2
29.3
29.4
29.4
29.3
29.2
29.3
29.3
29.4
29.5
29.2
29.3
29.3
29.4
29.5
29.5
29.2
29.3
29.4
29.4
29.5
29.6
29.3
29.3
29.4
29.5
29.6
29.6
29.3
29.3
29.4
29.5
29.5
29.3
29.2
29.3
29.4
29.5
29.5
29.4
29.2
29.3
29.3
29.3
29.4
29.0
29.1
29.1
29.2
29.3
29.2
29.1
29.3
29.3
29.4
29.5
29.2
29.3
29.4
29.4
29.5
29.4
29.2
29.3
29.4
29.5
29.6
29.3
29.3
29.5
29.5
29.6
29.7
29.4
29.3
29.3
29.4
29.4
29.4
29.2
29.3
29.4
29.5
29.6
29.4
29.3
29.4
29.4
29.3
29.4
29.0
29.1
29.1
29.2
29.3
29.1
29.2
29.2
29.3
29.5
29.5
29.2
29.3
29.3
29.3
29.4
29.3
29.1
29.2
29.4
29.5
29.5
29.3
29.3
29.4
29.6
29.6
29.6
29.3
29.4
29.4
29.5
29.5
29.5
29.2
29.2
29.4
29.5
29.5
29.3
