27.3
27.3
27.6
28.1
36.4
36.3
36.4
36.1
35.8
35.5
34.9
34.2
33.8
33.8
33.7
34.3
34.4
34.1
33.7
33.8
33.6
33.8
33.9
34.5
34.1
33.9
33.5
33.3
33.2
33.4
33.2
33.4
33.2
33.0
32.6
32.9
32.5
26.0
26.0
25.9
26.0
26.0
26.0
26.0
26.0
25.9
26.0
25.9
26.0
26.0
26.0
26.0
26.0
25.9
26.0
26.0
26.0
26.0
26.0
26.0
26.0
26.0
26.0
26.0
26.0
26.0
25.9
26.0
26.0
25.9
26.0
26.0
26.0
26.0
26.0
26.0
25.9
26.0
26.0
25.9
26.0
26.0
26.0
25.9
26.0
25.9
26.0
26.0
26.2
35.7
30.1
30.3
30.9
31.0
31.3
31.5
31.7
31.8
32.4
32.4
33.0
33.0
32.8
32.7
32.8
33.1
33.0
32.9
32.6
32.3
32.9
33.1
32.9
32.7
32.7
32.9
32.7
32.6
32.3
