28.1
28.3
28.4
28.6
29.0
29.3
29.4
29.3
29.6
29.8
29.9
29.7
29.6
29.8
30.1
30.1
30.3
30.0
30.1
30.3
30.4
30.5
30.1
30.2
30.2
30.4
30.5
30.2
30.3
30.4
30.5
30.5
30.2
30.3
30.4
30.5
30.6
30.2
30.3
30.3
30.4
30.4
30.1
30.2
30.1
30.3
30.3
30.0
30.2
30.4
30.4
30.3
30.1
30.2
30.4
30.5
30.4
30.1
30.1
30.3
30.5
30.4
30.1
30.3
30.3
30.5
30.6
30.2
30.3
30.3
30.4
30.5
30.2
30.3
30.5
30.5
30.6
30.3
30.3
30.4
30.5
30.6
30.3
30.3
30.3
30.3
30.4
30.1
30.2
30.4
30.4
30.5
30.2
30.3
30.4
30.5
30.5
30.2
30.2
30.3
30.4
30.5
30.2
30.4
30.5
30.6
30.6
30.3
30.2
30.4
30.4
30.5
30.4
30.4
30.3
30.4
30.5
30.2
30.2
30.4
30.6
30.7
30.5
30.3
30.4
30.4
30.5
30.4
30.2
30.3
30.4
30.4
30.6
30.2
30.3
30.4
30.4
30.4
30.1
30.2
30.3
30.4
30.5
30.2
30.3
30.4
30.5
30.5
30.1
30.3
30.3
30.4
30.5
30.2
30.3
30.4
30.4
30.6
30.3
30.3
30.4
30.5
30.5
30.3
30.3
30.4
30.5
30.6
30.2
30.3
30.4
30.6
30.6
30.3
30.3
30.5
30.6
30.5
30.2
30.3
30.3
30.4
30.5
30.2
30.2
30.4
30.5
30.5
30.1
30.2
30.3
30.4
30.6
30.2
30.4
30.5
30.6
30.7
30.4
30.4
30.4
30.4
30.6
30.5
30.3
30.4
30.4
30.4
30.3
30.1
30.3
30.4
30.3
30.3
30.2
30.4
30.4
30.6
30.6
30.3
30.5
30.5
30.5
30.4
30.3
30.3
30.5
30.6
30.6
30.3
30.3
30.4
30.5
30.6
30.2
30.3
30.4
30.4
30.5
30.2
30.3
30.3
30.4
30.5
30.3
30.2
30.4
30.4
30.4
30.1
30.2
30.2
30.2
30.3
29.9
29.9
30.0
30.1
30.1
30.0
30.1
30.3
30.4
30.4
30.1
30.2
30.2
30.3
30.3
30.1
30.1
30.2
30.2
30.0
30.0
30.1
30.2
30.4
30.3
30.1
30.3
30.4
30.5
30.3
30.3
30.4
30.5
30.5
30.5
30.3
30.3
30.4
30.4
30.3
30.1
