39.7
45.5
45.3
45.4
39.7
39.1
39.7
39.8
40.4
40.8
41.3
41.8
42.3
42.8
43.2
43.4
43.8
44.0
44.2
44.5
44.6
44.7
44.8
44.9
45.1
45.1
45.2
45.3
45.3
45.1
39.7
40.0
40.4
40.3
40.3
40.5
41.2
41.7
42.1
41.7
36.4
36.9
37.3
44.1
44.1
44.3
44.3
44.3
44.4
44.5
44.7
44.8
45.0
45.1
45.2
45.3
45.5
45.5
45.6
45.6
45.6
45.7
45.8
45.8
45.8
45.8
45.8
45.9
45.9
45.9
45.9
45.9
45.9
46.0
46.1
46.0
46.1
46.1
46.0
46.1
46.1
46.0
46.0
46.0
46.0
46.0
46.0
45.9
45.9
46.0
46.0
46.0
45.9
45.9
46.0
46.0
46.0
46.0
45.9
46.0
46.0
46.0
46.0
45.9
36.6
36.9
37.4
44.5
44.0
43.4
43.0
43.1
43.1
43.0
42.5
42.0
41.9
41.8
41.7
36.4
36.5
36.8
37.4
37.9
45.5
45.5
45.5
45.6
45.6
45.7
45.6
45.6
45.3
45.2
39.1
38.8
38.5
38.3
38.0
37.9
45.7
45.4
45.3
45.0
44.8
44.3
44.1
44.1
44.3
44.6
44.7
44.9
44.9
45.0
45.2
45.3
45.4
45.4
44.9
38.0
38.2
38.2
38.5
38.2
45.1
45.0
44.4
43.8
43.5
38.2
37.8
37.7
37.7
37.3
37.3
37.2
37.2
43.2
43.1
43.4
43.7
43.9
44.2
44.4
44.5
44.7
44.8
45.0
45.1
45.2
45.3
45.4
45.5
45.6
45.7
45.7
45.7
45.8
45.9
45.9
45.9
45.9
45.9
46.0
46.1
46.0
45.7
45.4
45.2
45.0
45.1
45.1
44.6
44.3
44.3
44.6
44.7
44.9
44.8
44.8
44.9
45.0
45.1
44.7
44.8
45.0
45.0
45.0
44.6
44.5
44.4
44.1
34.9
35.1
42.4
42.2
47.6
47.4
47.4
47.3
47.2
47.0
47.0
46.9
46.8
46.7
46.7
46.7
46.6
46.6
46.5
46.4
45.9
45.6
45.4
45.1
45.2
44.8
44.6
45.1
45.2
45.1
45.1
44.6
44.7
44.9
45.1
45.2
45.3
45.4
45.6
45.7
45.7
45.8
45.9
45.9
46.0
45.4
45.4
45.3
45.3
45.2
45.1
45.2
45.4
45.6
45.7
45.7
45.8
45.8
45.9
46.0
45.9
45.9
46.0
45.9
45.9
45.8
45.8
45.8
45.7
45.7
