26.5
31.8
31.7
31.6
31.2
31.2
31.0
31.1
30.9
30.6
30.5
30.4
30.5
30.5
30.2
30.4
30.4
30.4
30.5
30.4
30.5
30.5
30.6
30.5
30.3
30.5
30.7
30.7
30.7
30.4
30.6
30.5
30.7
30.8
30.4
30.4
30.5
30.7
30.8
30.5
30.5
30.6
30.5
30.6
30.2
30.3
30.4
30.4
30.6
30.2
30.4
30.4
30.6
30.5
30.3
30.3
30.4
30.5
30.6
30.6
30.3
30.5
30.6
30.7
30.6
30.4
30.6
30.6
30.7
30.6
30.4
30.5
30.6
30.8
30.7
30.5
30.6
30.8
30.8
30.6
30.5
30.6
30.7
30.8
30.7
30.5
30.6
30.7
30.7
30.6
30.4
30.4
30.4
30.5
30.2
30.2
30.3
30.5
30.5
30.3
30.3
30.4
30.5
30.7
30.4
30.4
30.4
30.5
30.6
30.4
30.5
30.4
30.6
30.8
30.6
30.5
30.6
30.7
30.8
30.7
30.5
30.7
30.6
30.7
30.5
30.5
30.6
30.7
30.7
30.4
30.4
30.5
30.5
30.6
30.5
30.3
30.4
30.4
30.6
30.4
30.3
30.5
30.6
30.6
30.6
30.6
30.7
30.7
30.9
30.5
30.5
30.7
30.7
30.8
30.6
30.5
30.6
30.7
30.8
30.7
30.4
30.5
30.6
30.8
30.6
30.5
30.4
30.4
30.6
30.4
30.2
30.4
30.5
30.6
30.2
30.5
30.5
30.6
30.7
30.3
30.2
30.4
30.5
30.6
30.3
30.3
30.4
30.5
30.6
30.3
30.4
30.5
30.5
30.6
30.3
30.4
30.6
30.6
30.7
30.4
30.4
30.5
30.6
30.7
30.4
30.5
30.6
30.7
30.8
30.5
30.5
30.6
30.7
30.8
30.5
30.6
30.7
30.7
30.8
30.4
30.5
30.4
30.6
30.5
30.3
30.2
30.4
30.4
30.6
30.2
30.4
30.5
30.5
30.6
30.3
30.4
30.5
30.6
30.8
30.4
30.5
30.5
30.5
30.5
30.2
30.2
30.3
30.5
30.7
30.5
30.5
30.6
30.7
30.8
30.6
30.6
30.7
30.8
30.8
30.6
30.4
30.5
30.6
30.6
30.5
30.3
30.3
30.5
30.5
30.6
30.4
30.5
30.6
30.6
30.7
30.3
30.4
30.5
30.6
30.7
30.3
30.4
30.5
30.6
30.8
30.4
30.5
30.5
30.6
30.7
30.3
30.4
30.5
30.4
30.4
30.1
30.3
30.2
30.3
30.4
