26.0
40.3
47.2
47.1
47.1
47.0
47.0
47.0
46.9
47.0
46.9
46.9
47.0
47.0
47.0
47.0
47.1
47.1
47.1
47.1
47.1
47.0
47.0
47.1
47.1
47.1
47.0
47.1
47.1
47.1
47.1
47.1
47.1
47.2
47.2
47.2
47.3
47.2
47.3
47.3
47.3
47.3
47.3
47.3
47.3
47.3
47.3
47.3
47.3
47.5
47.4
47.4
47.4
47.5
47.5
47.4
47.4
47.4
47.4
47.4
47.4
47.4
47.5
47.5
47.5
47.5
47.5
47.6
47.6
47.6
47.5
47.5
47.6
47.6
47.6
47.6
47.7
47.7
47.7
47.7
47.7
47.6
47.7
47.7
47.7
47.7
47.6
47.7
47.7
47.7
47.7
47.6
47.6
47.6
47.6
47.7
47.7
47.8
47.8
47.8
47.8
47.7
47.7
47.8
47.8
47.8
47.8
47.8
47.8
47.7
47.7
47.7
47.7
47.7
47.7
47.7
47.7
47.7
47.8
47.8
47.8
47.8
47.7
47.7
47.8
47.8
47.8
47.8
47.8
47.8
47.8
47.8
47.8
47.8
47.8
47.8
47.8
47.7
47.7
47.8
47.8
47.8
47.8
47.8
47.8
47.8
47.8
47.8
47.8
47.8
47.8
47.8
47.8
47.8
47.9
47.9
48.0
48.0
48.0
47.9
48.0
48.0
47.9
47.9
47.9
47.9
47.8
47.8
47.9
47.9
48.0
48.0
48.1
48.0
48.0
48.0
48.0
48.1
48.0
48.1
48.0
48.1
48.0
48.0
48.0
48.0
48.0
48.0
48.1
48.1
48.1
48.1
48.0
48.0
48.0
48.0
48.0
48.0
48.0
48.1
48.1
48.1
48.1
48.0
48.1
48.2
48.1
48.1
48.2
48.1
48.1
48.1
48.1
48.0
48.1
48.1
48.1
48.1
48.1
48.1
48.1
48.1
48.2
48.2
48.2
48.3
48.2
48.1
48.1
48.2
48.2
48.1
48.2
48.2
48.2
48.1
48.1
48.1
48.0
48.0
48.0
47.9
48.0
48.0
48.0
48.0
48.1
48.1
48.3
48.3
48.2
48.2
48.2
48.2
48.3
48.3
48.3
48.3
48.3
48.3
48.2
48.2
48.3
48.3
48.3
48.3
48.3
48.3
48.3
48.3
48.3
48.3
48.3
48.3
48.3
48.3
48.3
48.4
48.4
48.4
48.4
48.4
48.4
48.3
48.2
48.2
48.3
48.3
48.4
48.4
48.4
48.4
48.4
48.4
48.3
48.4
48.4
48.3
48.3
48.2
48.2
48.3
48.3
48.3
48.3
48.3
48.3
48.4
48.4
48.3
48.3
48.3
48.4
48.4
48.4
48.5
48.4
48.5
48.4
48.4
48.5
48.5
48.5
48.5
48.4
48.4
48.5
48.7
48.8
49.0
49.1
49.0
49.1
49.2
49.4
49.4
49.4
49.3
49.2
49.1
49.0
49.0
48.9
48.9
48.9
48.8
48.6
48.6
48.6
48.6
48.6
48.5
48.5
48.3
48.4
48.4
48.4
48.4
48.5
48.6
48.6
48.6
48.6
48.5
48.5
48.6
48.5
48.5
48.6
48.6
48.6
48.6
48.5
48.5
48.5
48.5
48.4
48.4
48.4
48.4
48.4
48.5
48.4
48.3
48.4
48.4
48.4
48.4
48.5
48.6
48.6
48.5
48.5
48.5
48.5
48.4
48.4
48.5
48.4
48.4
48.5
48.5
48.5
48.6
48.6
48.6
48.6
48.7
48.7
48.7
48.7
48.7
48.7
48.7
48.7
48.7
48.6
48.7
48.5
48.5
48.6
48.6
48.6
48.5
48.6
48.6
48.6
48.6
48.6
48.6
48.7
48.7
48.7
48.7
48.7
48.7
48.7
48.7
48.6
48.7
48.7
48.7
48.7
48.8
48.8
48.7
48.7
48.7
48.7
48.7
48.6
48.7
48.7
48.8
48.8
48.8
48.7
48.7
48.7
48.7
48.8
48.7
48.7
48.8
48.7
48.8
48.8
48.9
48.9
48.9
48.8
48.8
48.8
48.8
48.8
48.9
48.9
48.8
48.8
48.9
48.9
48.9
48.9
49.0
49.0
49.0
49.0
49.1
49.0
49.0
48.8
48.9
48.8
48.9
48.9
48.8
48.8
48.8
48.8
48.9
48.9
49.0
49.0
48.9
49.0
48.9
48.9
48.9
48.8
48.9
48.8
48.8
48.8
48.9
49.0
48.9
48.9
48.9
48.9
48.9
48.8
48.9
48.8
48.8
48.8
48.8
48.8
48.8
48.8
48.9
48.9
48.8
48.8
48.9
48.9
48.9
48.9
48.9
48.9
48.9
48.9
48.9
48.8
48.9
49.0
49.0
48.9
48.9
49.0
49.0
49.0
48.9
48.9
48.9
48.9
48.9
48.7
48.7
48.7
48.8
48.8
48.7
48.7
48.7
48.7
48.7
48.7
48.7
48.8
48.7
48.7
48.7
48.7
48.7
48.9
48.8
48.9
48.9
48.9
48.9
48.9
49.0
48.9
48.9
49.0
49.0
49.0
48.9
49.0
48.9
48.9
48.9
48.9
48.9
48.8
48.9
48.9
48.8
48.9
48.9
48.9
48.9
48.9
48.9
48.9
48.9
48.8
48.8
48.9
48.9
48.9
48.9
48.9
48.9
49.0
49.0
48.9
48.9
49.0
49.0
48.9
48.9
48.9
48.8
48.8
48.9
48.9
48.9
48.7
48.7
48.7
48.8
48.7
48.8
48.8
48.8
48.8
48.8
48.9
48.9
48.9
49.0
49.0
49.0
49.1
49.1
49.1
49.0
48.9
49.1
49.0
49.0
49.0
49.1
49.1
49.0
49.0
49.0
49.1
49.0
48.9
49.0
49.1
49.0
48.7
48.7
48.8
48.8
48.9
48.9
48.9
48.9
48.9
49.0
48.9
49.0
49.0
49.0
49.0
49.0
49.0
48.9
48.9
48.9
48.8
48.7
48.7
48.7
48.7
48.7
48.8
48.8
48.8
48.8
48.9
48.9
48.8
48.8
48.8
48.8
48.8
48.8
48.8
48.8
48.8
48.8
48.8
48.8
48.8
48.8
48.8
48.8
48.7
48.8
48.8
48.9
48.9
48.9
48.9
48.8
48.9
48.9
48.8
48.8
48.8
48.8
48.9
48.9
49.0
48.9
49.0
49.0
48.9
48.9
48.9
49.0
48.8
48.8
48.8
48.8
48.8
48.8
48.8
48.8
48.8
48.7
48.7
48.8
48.7
48.7
48.8
48.8
48.8
48.7
48.8
48.8
48.9
48.9
48.9
48.9
48.9
48.8
48.8
48.9
48.9
48.9
48.9
48.9
48.9
