27.9
28.5
28.8
29.1
29.2
29.2
29.4
29.7
29.9
30.1
29.8
30.0
30.2
30.4
30.3
30.0
30.2
30.3
30.5
30.7
30.4
30.6
30.6
30.8
30.9
30.5
30.5
30.6
30.7
30.8
30.4
30.4
30.5
30.6
30.7
30.4
30.4
30.5
30.6
30.7
30.5
30.4
30.4
30.5
30.7
30.5
30.4
30.6
30.7
30.8
30.5
30.5
30.8
30.8
31.0
30.8
30.6
30.7
30.8
31.0
31.0
30.6
30.7
30.8
30.8
30.8
30.5
30.6
30.7
30.8
30.9
30.6
30.6
30.6
30.7
30.7
30.5
30.5
30.7
30.8
30.9
30.8
30.6
30.7
30.8
30.8
31.0
30.5
30.7
30.8
30.8
30.6
30.3
30.4
30.6
30.7
30.7
30.3
30.5
30.6
30.8
30.8
30.5
30.5
30.7
30.8
30.9
30.7
30.6
30.7
31.0
31.0
30.8
30.6
30.7
30.9
30.9
30.9
30.5
30.6
30.7
30.8
30.9
30.5
30.6
30.7
30.8
30.9
30.5
30.6
30.6
30.7
30.8
30.5
30.5
30.6
30.6
30.7
30.6
30.4
30.4
30.5
30.7
30.5
30.4
30.5
30.7
30.8
30.4
30.4
30.5
30.6
30.7
30.3
30.3
30.4
30.4
30.5
30.2
30.4
30.4
30.4
30.5
30.2
30.3
30.5
30.5
30.6
30.4
30.4
30.4
30.6
30.7
30.7
30.6
30.6
30.7
30.8
30.6
30.5
30.6
30.7
30.8
30.6
30.3
30.5
30.7
30.7
30.6
30.4
30.4
30.4
30.5
30.5
30.3
30.4
30.6
30.6
30.7
30.4
30.4
30.5
30.5
30.6
30.4
30.5
30.6
30.7
30.6
30.3
30.4
30.5
30.6
30.6
30.3
30.5
30.6
30.6
30.6
30.3
30.4
30.5
30.6
30.9
30.4
30.5
30.5
30.7
30.6
30.3
30.2
30.4
30.6
30.7
30.6
30.5
30.6
30.7
30.7
30.4
30.5
30.6
30.6
30.7
30.5
30.4
30.5
30.6
30.7
30.6
30.3
30.5
30.6
30.7
30.8
30.5
30.4
30.6
30.7
30.7
30.3
30.4
30.5
30.6
30.6
30.3
30.3
30.5
30.6
30.8
30.3
30.5
30.6
30.5
30.7
30.4
30.4
30.4
30.5
30.4
30.2
30.3
30.5
30.5
30.4
30.2
30.4
30.5
30.5
30.4
30.3
30.5
30.6
30.7
30.9
30.5
30.5
