25.7
42.2
42.4
42.0
41.8
41.3
40.8
41.1
41.4
42.0
42.4
42.7
42.9
43.1
43.4
43.7
43.9
43.8
43.9
43.7
43.7
43.4
43.1
42.7
42.6
42.6
42.9
43.2
43.7
43.9
44.1
44.2
44.4
44.5
44.5
44.6
44.6
44.7
44.2
44.1
44.2
44.3
44.3
44.5
44.1
43.6
43.2
42.9
37.6
37.0
37.0
36.8
36.7
36.7
37.3
44.9
44.9
44.9
44.6
44.3
43.8
43.7
35.9
35.9
36.1
41.6
41.9
42.0
42.1
42.1
42.3
42.6
42.9
43.1
43.4
43.7
43.9
44.0
44.0
44.2
43.6
43.1
43.3
43.6
43.7
43.8
43.8
44.0
43.4
43.1
42.8
42.4
41.9
41.8
41.3
34.7
34.9
43.6
43.0
42.5
42.2
42.4
42.2
42.0
42.4
42.6
42.9
43.2
43.4
43.7
43.9
44.1
44.3
44.4
44.6
44.7
44.8
44.8
44.9
45.0
45.2
45.2
45.2
45.3
45.3
45.4
45.4
45.5
45.6
45.6
45.6
45.6
45.6
45.6
45.5
45.5
45.5
45.4
45.4
39.3
39.4
39.5
39.6
39.2
39.6
39.8
39.2
38.8
38.5
38.3
38.6
38.7
44.5
44.5
44.5
44.6
44.6
44.7
44.7
44.8
44.6
44.4
44.4
44.3
44.3
44.4
44.6
44.6
44.8
44.9
44.9
44.9
44.9
44.7
44.7
44.8
44.9
45.0
45.0
45.1
45.1
45.2
45.3
45.3
45.4
45.4
45.4
45.5
45.4
45.5
45.5
45.5
45.5
45.4
45.3
45.3
45.3
45.4
45.4
45.4
45.4
45.4
45.5
45.5
45.6
45.2
45.3
45.2
37.8
38.3
43.8
43.1
42.9
43.0
43.3
43.2
43.1
43.1
43.3
43.6
43.9
44.1
44.1
44.3
44.3
44.5
44.6
44.7
44.4
38.6
44.5
44.0
37.2
37.0
37.2
37.2
37.1
43.8
43.9
44.1
44.3
44.4
44.5
44.6
44.7
44.7
44.8
44.8
44.6
44.7
44.8
45.0
45.0
45.1
45.2
45.2
45.2
45.3
45.3
45.4
45.4
45.5
45.5
45.6
45.7
45.7
45.7
45.7
45.6
45.5
44.9
44.4
43.8
43.5
43.1
43.5
43.7
43.9
44.2
44.4
44.4
44.6
44.7
44.8
44.3
43.8
43.3
43.2
43.2
43.1
37.2
37.6
45.5
45.5
45.3
45.3
45.4
45.4
45.3
45.4
45.4
45.4
