32.8
30.5
30.1
30.2
30.2
30.1
29.8
29.8
29.9
29.8
29.9
29.5
29.6
29.6
29.6
29.7
29.4
29.3
29.5
29.4
29.5
30.0
29.7
29.7
29.8
29.9
29.8
29.8
29.8
29.9
29.9
29.8
29.6
29.6
29.7
29.7
29.6
29.4
29.4
29.5
29.5
29.5
29.2
29.5
29.6
29.7
29.7
29.3
29.4
29.5
29.6
29.6
29.3
29.4
29.5
29.5
29.6
29.5
29.6
29.6
29.6
29.7
29.7
29.4
29.4
29.5
29.5
29.4
29.1
29.3
29.4
29.5
29.5
29.2
29.2
29.4
29.4
29.5
29.2
29.3
29.3
29.5
29.5
29.4
29.2
29.4
29.5
29.5
29.2
29.3
29.4
29.4
29.5
29.3
29.2
29.3
29.4
29.4
29.6
29.2
29.3
29.3
29.4
29.5
29.4
29.5
29.6
29.7
29.8
29.7
29.5
29.5
29.6
29.6
29.6
29.3
29.4
29.6
29.6
29.8
29.5
29.5
29.6
29.6
29.6
29.2
29.3
29.4
29.5
29.5
29.2
29.2
29.2
29.3
29.2
29.1
29.0
29.2
29.3
29.4
29.2
29.1
29.2
29.3
29.3
29.3
29.0
29.1
29.3
29.4
29.5
29.4
29.4
29.5
29.6
29.7
29.6
29.3
29.4
29.5
29.5
29.6
29.3
29.3
29.3
29.4
29.4
29.4
29.1
29.2
29.3
29.4
29.4
29.2
29.2
29.2
29.3
29.3
29.2
29.1
29.1
29.2
29.4
29.5
29.2
29.3
29.4
29.4
29.6
29.2
29.3
29.4
29.4
29.5
29.2
29.2
29.2
29.3
29.4
29.3
29.1
29.1
29.2
29.3
29.3
29.1
29.1
29.3
29.4
29.5
29.3
29.1
29.1
29.2
29.3
29.6
29.7
29.8
29.8
29.8
29.8
29.5
29.5
29.5
29.7
30.3
29.9
29.8
29.9
30.0
30.1
29.8
29.8
29.7
29.8
29.9
30.2
29.9
29.9
29.9
29.9
30.0
29.6
29.6
29.6
29.6
29.6
29.3
29.3
29.4
29.4
29.5
29.3
29.2
29.2
29.4
29.5
29.5
29.1
29.2
29.3
29.4
29.6
29.3
29.2
29.3
29.4
29.4
29.5
29.8
29.9
29.8
29.8
29.8
29.5
29.4
29.5
29.6
29.6
29.6
29.3
29.3
29.3
29.4
29.4
29.1
29.1
29.3
29.4
29.5
29.3
29.2
29.2
29.3
29.4
29.4
29.1
29.1
29.3
29.3
29.4
29.1
29.2
29.2
29.2
29.4
29.1
29.0
29.0
29.1
29.3
29.2
29.0
29.1
29.2
29.3
29.1
28.9
29.1
29.3
29.4
29.5
29.2
29.2
29.4
29.5
29.5
29.3
29.2
29.3
29.4
29.5
29.5
29.2
29.2
29.2
29.3
29.3
29.1
29.1
29.2
29.2
29.3
29.1
29.1
29.2
29.3
29.3
29.3
29.0
29.2
29.3
29.4
29.5
29.2
29.3
29.3
29.4
29.4
29.4
29.1
29.3
29.3
29.5
29.5
29.2
29.3
29.4
36.8
29.9
29.8
29.4
29.5
29.5
29.5
29.6
29.3
29.3
29.4
29.5
29.5
29.5
29.3
29.4
29.5
29.5
29.6
29.2
29.3
29.3
29.5
29.5
29.3
29.3
29.4
29.5
29.5
29.5
29.1
29.2
29.3
29.4
29.5
29.2
29.2
29.3
29.4
29.5
29.4
29.2
29.2
29.3
29.5
29.5
29.3
29.3
29.4
29.4
29.5
29.3
29.4
29.4
29.5
29.2
29.2
29.3
29.4
29.4
29.4
29.1
29.3
29.3
29.4
29.4
29.2
29.2
29.2
29.3
29.3
29.1
29.0
29.1
29.2
29.3
29.6
29.3
29.3
29.4
29.4
29.5
29.3
29.3
29.3
29.4
29.4
29.4
29.1
29.3
29.3
29.4
29.4
29.0
29.2
29.2
29.3
29.4
29.3
29.1
29.2
29.2
29.3
29.3
29.0
29.1
29.2
29.3
29.5
29.2
29.2
29.2
29.3
29.3
29.2
29.1
29.2
29.3
29.3
29.3
29.0
29.2
29.2
29.3
29.3
29.0
29.1
29.2
29.2
29.3
29.3
29.1
29.2
29.3
29.4
29.4
29.2
29.1
29.2
29.4
29.5
29.3
29.2
29.3
29.3
29.4
29.4
29.1
29.2
29.3
29.4
29.4
29.1
29.1
29.2
29.3
29.3
29.3
29.0
29.1
29.2
29.3
29.4
29.0
29.1
29.2
29.2
29.3
29.0
29.0
29.1
29.4
29.4
29.1
29.2
29.3
29.3
29.3
29.1
29.1
29.2
29.3
29.3
29.1
29.1
29.2
29.3
29.3
29.3
29.0
29.1
29.2
29.3
29.4
29.1
29.2
29.4
29.4
29.5
29.3
29.1
29.2
29.3
29.4
29.4
29.1
29.1
29.2
29.3
29.4
29.2
29.1
29.2
29.4
29.4
29.4
29.1
29.2
29.3
29.4
29.4
29.1
29.2
29.2
29.3
29.4
29.2
29.1
29.2
29.3
29.4
29.4
29.1
29.2
29.3
29.5
29.7
29.4
29.4
29.4
29.6
29.6
29.2
29.2
29.3
29.4
29.4
29.3
29.2
29.2
29.3
29.3
29.4
29.0
29.1
29.2
29.3
29.4
29.2
29.1
29.2
29.3
29.4
29.4
29.1
29.1
29.3
29.4
29.4
29.1
29.1
29.1
29.3
29.4
29.4
29.0
29.2
29.2
29.3
29.3
29.0
29.0
29.1
29.2
29.2
28.9
29.0
29.1
29.2
29.3
29.2
29.1
29.1
29.2
29.3
29.4
29.1
29.2
29.7
29.8
29.7
29.9
30.3
46.3
46.5
46.8
47.0
47.3
47.3
32.8
32.4
32.1
31.8
31.5
31.3
30.8
30.7
30.6
30.5
30.5
30.0
29.9
29.9
29.9
30.0
29.7
29.5
29.5
29.5
29.6
29.7
29.4
29.4
29.5
29.5
29.6
29.4
29.2
29.3
29.4
29.4
29.6
29.2
29.2
29.3
29.4
29.4
29.4
29.2
29.2
29.3
29.3
29.5
29.2
29.3
29.4
29.5
29.6
29.3
29.1
29.2
29.3
29.5
29.4
29.1
29.2
29.3
29.4
29.4
29.1
29.1
29.2
29.3
29.4
29.4
29.2
29.3
29.4
29.5
29.4
29.1
29.1
29.2
29.3
29.4
29.0
29.1
29.1
29.3
29.4
29.2
29.1
29.2
29.4
29.6
29.7
29.4
29.5
29.5
29.6
29.6
29.6
29.4
29.5
29.5
29.5
29.6
29.3
29.3
29.4
29.4
29.5
29.4
29.2
29.3
29.3
29.4
29.5
29.2
29.2
29.3
29.4
29.4
29.2
29.1
29.2
29.2
29.4
29.5
29.1
29.2
29.3
29.4
29.4
29.1
29.1
29.1
29.3
29.3
29.2
29.0
29.1
29.2
29.3
29.2
29.0
29.1
29.1
29.2
29.3
29.0
29.1
29.2
29.3
29.4
29.1
29.1
29.2
29.4
29.5
29.4
29.2
29.3
29.4
29.4
29.4
29.1
29.1
29.1
29.2
29.3
29.0
29.0
29.2
29.2
29.3
29.2
29.0
29.1
29.2
29.3
29.4
29.1
29.1
