26.5
26.6
26.7
26.8
26.8
26.9
26.9
26.9
27.0
27.0
27.0
27.1
27.0
27.0
27.0
27.0
27.0
27.0
27.0
27.1
27.1
27.0
27.0
27.1
27.1
27.1
27.1
27.1
27.0
27.1
27.0
27.0
27.0
27.0
27.0
27.0
27.0
27.0
27.0
27.0
27.0
27.0
27.0
27.0
27.0
27.0
27.0
27.1
27.1
27.1
27.0
27.1
27.0
27.0
27.0
27.1
27.1
27.0
27.0
27.1
27.1
27.0
27.0
27.0
27.0
27.0
27.0
27.0
27.0
27.1
27.1
27.1
27.1
27.1
27.1
27.0
27.0
27.1
27.0
27.0
27.0
27.0
27.0
27.0
27.0
27.0
27.0
27.0
27.0
27.0
27.0
27.1
27.0
27.0
27.0
27.0
27.0
27.0
27.0
27.0
27.0
27.0
27.0
27.0
27.1
27.1
27.0
27.0
27.1
27.1
27.1
27.0
27.0
27.0
27.0
27.0
27.0
27.0
27.0
27.0
27.0
27.1
27.0
27.0
27.0
27.0
27.0
27.0
27.0
27.1
27.1
27.1
27.1
27.1
27.1
27.1
27.1
27.1
27.0
27.0
27.0
27.0
27.1
27.0
27.0
27.0
27.0
27.0
27.0
27.0
27.0
27.0
27.0
26.9
27.0
26.9
26.9
27.0
27.0
27.0
27.0
27.0
27.0
27.0
27.0
27.0
27.0
27.0
27.0
27.0
27.0
27.1
27.0
27.0
27.0
27.0
27.0
27.0
27.0
26.9
27.0
27.2
27.2
27.1
27.1
27.1
27.0
27.1
27.1
27.1
27.1
27.0
27.1
27.1
27.1
27.1
27.0
27.1
27.1
27.1
27.1
27.0
27.0
27.0
27.0
27.0
27.0
27.0
27.0
27.0
27.0
27.0
27.0
27.0
27.1
39.3
27.8
27.8
27.8
27.8
28.0
33.9
33.5
33.3
33.1
32.8
32.8
32.6
32.6
32.7
32.8
32.9
32.9
33.0
32.9
32.7
32.6
32.4
32.4
33.0
33.5
33.7
34.0
33.8
34.0
33.6
33.2
32.9
32.6
43.4
35.5
30.3
30.4
30.4
30.5
42.0
35.9
30.7
30.7
30.7
30.7
42.8
34.9
34.3
33.9
33.5
33.4
42.4
34.9
34.3
33.9
33.5
33.2
32.9
32.6
32.4
32.3
32.1
31.9
31.8
31.6
31.6
31.5
31.5
31.5
31.4
31.3
31.2
31.2
31.2
31.1
31.2
31.1
31.1
31.1
31.0
31.1
31.0
31.0
31.1
31.0
31.0
31.0
30.9
30.9
30.9
30.9
30.9
30.9
30.9
30.9
30.9
30.9
30.9
30.9
30.9
30.9
30.9
30.9
30.9
30.8
30.8
30.9
30.9
30.8
30.9
31.0
31.0
31.0
31.0
31.1
31.0
31.0
31.0
31.0
31.0
30.9
30.9
30.9
30.9
30.9
30.9
31.2
31.2
31.1
31.1
31.1
31.0
31.0
31.0
31.0
31.0
31.0
31.0
31.0
30.9
31.0
30.9
31.0
30.9
31.0
30.9
30.9
31.0
30.9
31.0
30.9
31.0
30.9
30.9
31.0
31.0
31.0
31.0
31.0
31.0
30.9
30.9
30.9
30.9
30.9
30.9
30.9
30.9
30.9
30.9
30.9
30.9
30.9
30.8
30.8
30.8
30.8
30.9
30.8
30.8
30.9
30.9
30.9
30.9
30.8
30.8
30.8
30.9
31.0
31.0
30.9
30.9
30.9
30.9
30.9
31.0
30.9
30.9
31.0
30.9
30.9
30.9
30.9
30.9
30.9
30.9
30.9
30.9
30.9
30.9
31.0
31.0
31.0
31.0
30.9
30.9
30.9
30.9
30.9
30.9
30.9
31.0
31.0
31.0
30.9
30.9
31.0
31.1
31.0
31.0
31.0
30.9
30.9
31.0
30.9
30.9
30.9
31.0
30.9
30.9
30.9
31.0
31.0
31.0
30.9
31.0
31.0
31.1
