34.7
28.9
29.0
29.2
29.1
29.1
29.3
29.4
29.3
29.3
29.3
29.4
29.1
29.2
29.3
29.3
29.3
29.3
29.4
29.5
29.3
29.1
29.2
29.2
29.2
29.5
29.3
29.4
29.6
29.7
29.6
29.7
29.7
29.7
29.8
29.9
29.5
29.5
29.5
29.6
29.6
29.2
29.3
29.4
29.4
29.4
29.1
29.3
29.4
29.5
29.6
29.2
29.2
29.3
29.5
29.4
29.3
29.3
29.3
29.4
29.4
29.4
29.1
29.2
29.3
29.4
29.4
29.1
29.2
29.3
29.4
29.5
29.2
29.3
29.5
29.6
29.7
29.3
29.3
29.4
29.5
29.6
29.2
29.3
29.3
29.4
29.4
29.1
29.2
29.2
29.3
29.3
29.1
29.1
29.2
29.3
29.3
29.4
29.1
29.2
29.1
29.2
29.2
29.1
29.1
29.2
29.3
29.5
29.3
29.4
29.4
29.5
29.5
29.2
29.3
29.4
29.4
29.5
29.2
29.3
29.2
29.4
29.4
29.1
29.2
29.2
29.3
29.3
29.0
29.1
29.2
29.2
29.3
29.1
29.3
29.3
29.4
29.5
29.4
29.2
29.4
29.5
29.6
29.6
29.2
29.3
29.4
29.4
29.5
29.2
29.2
29.3
29.5
29.5
29.5
29.1
29.2
29.2
29.2
29.4
29.0
29.1
29.3
29.3
29.4
29.4
29.2
29.3
29.3
29.4
29.4
29.2
29.2
29.3
29.4
29.5
29.1
29.2
29.1
29.2
29.3
29.0
29.1
29.1
29.3
29.3
29.2
29.1
29.2
29.2
29.3
29.1
29.0
29.0
29.1
29.3
29.2
29.1
29.3
29.3
29.4
29.5
29.1
29.3
29.4
29.4
29.5
29.2
29.2
29.4
29.4
29.5
29.2
29.3
29.4
29.4
29.5
29.2
29.3
29.4
36.4
30.1
29.8
29.7
29.7
29.7
29.7
29.7
29.4
34.9
34.2
33.7
33.3
32.7
32.1
31.8
31.6
31.4
31.2
30.7
31.0
30.9
30.8
30.5
30.1
30.1
30.0
30.0
30.0
29.5
29.6
29.6
29.7
29.7
29.6
29.4
29.5
29.4
29.5
29.6
29.2
29.3
29.3
29.4
29.4
29.2
29.0
29.1
29.2
29.3
29.3
29.0
29.1
29.2
29.3
29.4
29.0
29.1
29.1
29.2
29.2
28.9
29.0
29.1
29.3
29.4
29.0
29.1
29.2
29.3
29.3
29.1
29.1
29.1
29.1
29.2
29.2
29.0
29.1
29.2
29.4
29.4
29.0
29.1
29.2
29.3
29.4
29.0
29.1
29.2
29.3
29.4
29.2
29.0
29.1
29.2
29.3
29.4
29.1
29.2
29.1
29.1
29.1
28.9
28.9
29.0
29.2
29.3
42.8
26.8
27.1
27.4
27.8
28.1
28.0
28.2
28.5
28.7
28.6
28.3
28.5
28.7
28.8
28.9
28.6
28.8
28.9
29.0
29.1
29.0
28.9
28.9
29.1
29.2
29.1
29.0
29.1
29.1
29.2
29.4
29.1
29.2
29.3
29.4
29.5
29.1
29.1
29.2
29.3
29.4
29.2
29.1
35.7
30.3
30.2
30.1
29.7
29.7
29.7
29.7
29.8
29.5
29.4
29.5
29.6
29.6
29.4
29.3
29.3
29.4
29.5
29.2
29.3
29.3
29.3
29.4
29.2
29.1
29.2
29.3
29.3
29.4
29.1
29.2
29.1
29.2
29.3
28.9
29.1
29.1
29.1
29.2
28.9
29.0
29.1
29.2
29.3
29.0
29.0
29.2
29.2
29.4
29.3
29.2
29.2
29.4
29.5
29.5
29.2
29.3
29.4
29.4
29.4
29.1
29.1
29.0
29.2
29.3
29.1
29.2
29.3
29.3
29.4
29.2
29.1
29.2
29.2
29.3
29.3
29.0
29.1
29.2
29.3
29.3
29.0
29.1
29.1
29.2
29.3
29.0
29.0
29.1
29.1
29.2
29.3
29.0
29.1
29.2
29.1
29.1
28.8
29.0
29.1
29.2
29.3
29.2
28.9
29.1
29.2
29.2
29.4
29.1
29.1
29.2
29.3
29.4
29.0
29.1
29.2
29.2
29.3
29.2
29.1
29.0
29.2
29.2
28.9
28.9
29.0
29.1
29.3
29.2
29.0
29.1
29.2
29.3
29.4
29.0
29.1
29.2
29.3
29.4
29.2
29.1
29.3
29.3
29.4
29.5
29.1
29.2
29.3
29.4
29.4
29.1
29.1
29.2
29.3
29.3
29.4
29.1
29.1
29.1
29.3
29.3
29.1
29.0
29.0
29.2
29.3
29.2
29.0
29.1
29.3
29.3
29.5
29.2
29.3
29.3
29.4
29.5
29.4
29.1
29.2
29.1
29.2
29.2
29.0
29.1
29.2
29.3
29.2
29.0
29.1
29.2
29.3
29.3
29.0
29.1
29.2
29.4
29.5
29.1
29.2
29.4
29.4
29.5
29.2
29.3
29.3
29.4
29.5
29.3
29.2
29.3
29.4
29.5
29.5
29.2
29.2
29.2
29.3
29.4
29.0
29.2
29.2
29.2
29.2
28.9
29.0
29.1
29.1
29.3
29.1
29.0
29.1
29.2
29.3
29.4
29.1
29.1
29.3
29.3
29.3
29.1
29.1
29.2
29.3
29.4
29.2
29.0
29.1
29.1
29.2
29.1
28.9
29.1
29.2
29.3
29.4
29.0
29.1
29.2
29.3
29.4
29.1
29.1
29.2
29.3
29.4
29.4
29.1
29.2
29.4
29.4
29.5
29.2
29.3
29.4
29.4
29.3
29.0
29.1
29.3
29.3
29.3
29.1
28.9
29.0
29.1
29.2
29.0
28.9
29.1
29.2
29.3
29.3
29.0
29.0
29.2
29.2
29.3
28.9
29.0
29.1
29.3
29.3
29.2
29.0
29.2
29.3
29.3
29.4
29.0
29.1
29.2
29.3
29.3
29.0
29.0
29.1
29.2
29.1
28.9
28.9
29.0
29.1
29.2
29.1
28.8
28.9
29.0
29.1
29.2
28.8
28.9
29.0
29.1
29.2
29.1
29.0
29.2
29.3
29.4
29.3
29.0
29.1
29.2
29.3
29.3
29.0
29.1
29.3
29.4
29.5
29.1
29.1
29.3
29.3
29.4
29.2
29.1
29.2
29.3
29.3
29.3
29.0
29.1
29.1
29.2
29.2
29.0
28.9
29.1
29.2
29.3
29.0
28.9
29.0
29.1
29.2
28.9
29.1
29.2
29.3
29.4
29.3
29.1
29.2
29.3
29.4
29.5
29.1
29.2
29.2
29.2
29.3
28.9
29.0
29.1
29.1
29.2
29.0
29.0
29.1
29.2
29.3
29.4
29.1
29.2
29.2
29.3
29.4
29.1
29.0
29.1
29.2
29.2
29.2
29.0
29.1
29.2
29.1
29.2
28.9
28.9
29.1
29.1
29.2
29.1
29.0
29.2
29.3
29.3
29.2
29.0
29.1
29.1
29.2
29.1
28.9
29.0
29.1
29.2
29.4
29.0
29.1
29.2
29.3
29.3
29.1
29.1
29.2
29.3
29.2
29.0
29.0
29.2
29.3
29.3
29.0
29.1
29.1
29.2
29.3
29.0
29.0
29.1
29.3
29.3
29.1
29.0
29.2
29.3
29.4
29.3
29.1
29.1
29.2
29.4
29.4
29.2
29.2
29.2
29.2
29.3
29.3
