27.1
45.5
45.0
45.1
45.1
45.1
44.6
44.5
44.6
44.5
44.6
44.7
44.7
44.8
44.8
44.9
45.0
45.0
45.0
45.1
45.1
45.2
45.1
37.6
37.1
36.9
37.1
37.2
37.8
45.3
45.2
45.1
45.1
45.0
45.1
45.1
45.0
45.0
45.1
45.1
45.1
45.1
45.1
45.0
45.1
45.1
45.2
45.3
36.6
37.1
37.4
37.5
37.1
36.9
36.8
37.4
45.1
44.8
44.8
44.9
45.0
44.7
39.3
48.2
47.8
47.6
47.3
47.1
46.8
46.6
46.4
46.3
46.2
46.1
46.0
45.9
45.8
39.7
39.6
39.8
40.1
40.6
41.1
40.8
40.9
40.6
40.3
40.1
39.5
40.1
40.7
40.5
40.5
40.5
40.8
40.9
41.2
41.3
41.4
41.6
41.8
41.6
41.8
41.4
41.3
40.8
40.8
40.8
40.6
40.5
40.5
40.4
40.3
40.4
40.0
39.8
39.5
39.2
39.1
38.9
39.0
39.1
39.4
39.6
39.7
40.1
40.7
41.1
41.6
41.7
41.8
42.2
42.6
42.9
43.1
43.3
43.0
42.6
42.2
42.5
42.8
42.9
43.3
43.6
43.8
43.9
43.8
44.0
43.8
43.7
43.8
43.9
44.0
44.1
44.2
35.3
35.1
35.4
36.0
36.4
36.5
42.2
41.8
41.7
41.5
41.3
41.0
40.8
40.8
41.2
40.8
40.8
40.7
41.1
41.7
42.1
42.5
42.8
42.9
42.7
43.0
43.0
43.3
43.5
43.6
43.4
43.5
43.2
42.9
42.9
43.2
43.5
43.7
44.0
44.2
44.3
44.2
44.0
43.4
42.9
42.5
42.0
42.0
42.1
41.8
41.5
41.1
41.1
40.8
40.9
41.5
42.0
42.4
42.0
41.6
41.8
41.6
42.0
42.5
43.0
43.3
43.6
43.8
44.0
44.2
44.3
44.4
44.5
44.4
44.4
44.5
44.6
44.7
44.7
44.7
39.3
39.3
39.5
40.0
40.6
45.9
45.8
45.3
34.9
35.3
35.5
40.7
41.2
41.7
42.2
42.6
42.9
43.3
42.7
42.0
41.8
41.7
42.1
42.5
42.8
43.1
42.9
36.4
36.3
36.6
36.9
37.5
37.9
37.8
37.8
38.1
38.4
38.5
38.3
38.2
38.5
38.8
39.3
39.9
40.0
40.0
39.7
39.7
39.8
40.1
40.2
40.3
40.4
40.7
41.3
41.7
42.1
42.4
41.9
41.5
41.3
41.0
40.7
40.6
40.6
40.6
40.6
40.8
41.4
