33.0
31.0
30.7
30.8
30.5
30.3
30.0
30.1
30.1
30.1
30.1
29.7
29.7
29.8
29.9
29.9
29.5
29.6
29.7
29.8
29.9
29.7
29.5
29.5
29.5
29.9
29.8
29.6
29.7
29.7
29.7
30.1
29.7
29.7
29.7
29.7
29.8
29.4
29.5
29.6
29.7
29.7
29.5
29.3
29.3
29.4
29.4
29.4
29.3
29.4
29.5
29.5
29.3
29.2
29.4
29.5
29.5
29.4
29.4
29.5
29.5
29.6
29.4
29.2
29.3
29.4
29.4
29.2
29.1
29.2
29.4
29.5
29.3
29.3
29.4
29.4
29.4
29.4
29.2
29.3
29.4
29.4
29.5
29.3
29.4
29.5
29.5
29.5
29.2
29.3
29.3
29.4
29.4
29.2
29.2
29.3
29.4
29.5
29.6
29.3
29.3
29.4
29.4
29.3
29.0
29.2
29.3
29.6
29.8
29.4
29.5
29.6
29.5
29.7
29.5
29.4
29.5
29.6
29.6
29.5
29.5
29.6
29.6
29.6
29.5
29.3
29.3
29.4
29.5
29.5
29.2
29.3
29.4
29.4
29.5
29.2
29.3
29.4
29.4
29.5
29.5
29.2
29.3
29.3
29.4
29.4
29.2
29.3
29.5
29.5
29.6
29.4
29.4
29.5
29.5
29.6
29.6
29.3
29.3
29.3
29.4
29.5
29.2
29.2
29.3
29.4
29.5
29.5
29.3
29.4
29.4
29.5
29.6
29.2
29.3
29.3
29.4
29.4
29.2
29.3
29.3
29.4
29.4
29.2
29.2
29.3
29.3
29.5
29.2
29.2
29.3
29.4
29.4
29.4
29.2
29.3
29.4
29.5
29.6
29.2
29.4
29.4
29.5
29.5
29.2
29.1
29.2
29.2
29.2
29.1
29.1
29.2
29.2
29.3
29.0
29.1
29.2
29.3
29.4
34.9
28.4
28.5
28.7
28.8
29.0
28.7
28.8
29.0
29.1
29.8
29.4
29.5
29.6
29.8
29.9
29.7
29.6
29.6
29.7
29.7
30.2
29.9
29.9
30.0
30.0
29.9
29.5
29.7
29.7
29.7
29.7
29.4
29.4
29.5
29.5
29.5
29.4
29.3
29.3
29.4
29.5
29.5
29.2
29.2
29.3
29.4
29.4
29.1
29.2
29.3
29.3
29.4
29.1
29.3
29.4
29.5
29.5
29.3
29.3
29.4
29.4
29.3
29.0
29.1
38.8
30.1
30.0
29.8
29.6
29.6
29.7
29.7
29.8
29.4
29.5
29.4
29.5
29.6
29.3
29.2
29.2
29.3
29.4
29.4
29.2
29.2
29.4
29.5
29.5
29.2
29.2
29.4
29.4
29.5
29.2
29.2
29.3
29.3
29.3
29.1
29.0
29.2
29.3
29.3
29.2
29.0
29.1
35.9
43.8
31.8
26.4
26.8
27.0
27.4
27.8
27.7
28.0
28.4
28.6
28.7
28.6
28.6
28.7
28.9
29.0
29.0
29.0
29.1
29.1
29.3
29.3
29.0
29.0
29.1
29.2
29.2
28.9
29.0
29.2
29.3
29.4
29.2
29.1
29.1
29.3
29.3
29.4
29.0
29.1
29.3
29.4
29.7
29.3
29.4
29.5
29.5
29.6
29.3
29.2
29.3
29.4
29.4
29.1
29.2
29.1
29.2
29.3
28.9
29.0
29.1
29.1
29.2
28.9
29.0
29.1
29.2
29.3
28.9
29.1
29.2
29.4
29.4
29.1
29.2
29.3
29.3
29.3
29.1
29.0
29.1
29.2
29.3
29.4
29.1
29.2
29.2
29.3
29.3
29.0
29.0
29.0
29.1
29.3
29.2
29.0
29.1
29.3
29.4
29.4
29.0
29.2
29.3
29.4
29.4
29.1
29.1
29.1
29.2
29.3
29.1
29.0
29.0
29.2
29.3
29.4
29.0
29.1
29.2
29.3
29.1
28.9
29.0
29.2
29.2
29.3
29.0
29.1
29.1
29.2
29.3
29.0
29.1
29.2
29.3
29.3
29.2
29.0
29.1
29.1
29.2
29.3
28.9
29.0
29.2
29.2
29.3
29.0
29.1
29.2
29.3
29.4
29.2
29.1
29.2
29.2
29.3
29.2
29.0
29.2
29.3
29.3
29.4
29.1
29.2
29.2
29.3
29.4
29.1
29.1
29.2
29.2
29.2
29.1
28.9
29.0
29.1
29.3
29.2
28.9
29.1
29.2
29.2
29.3
28.9
29.0
29.1
29.1
29.2
28.9
29.0
29.1
29.3
29.3
29.2
29.1
29.2
29.3
29.3
29.3
29.1
29.2
29.1
29.2
29.2
29.0
29.0
29.1
29.2
29.2
28.9
29.0
29.1
29.2
29.3
29.0
29.1
29.1
29.2
29.4
29.0
29.1
29.2
29.3
29.4
29.2
29.2
29.2
29.3
29.3
29.2
29.0
29.1
29.2
29.3
29.3
29.0
29.1
29.2
29.2
29.3
29.1
29.0
29.1
29.2
29.2
29.4
29.0
29.0
29.2
29.2
29.4
29.1
29.1
29.2
29.2
29.4
29.2
29.0
29.0
29.1
29.2
29.2
28.9
29.1
29.2
29.3
29.3
29.1
29.1
29.1
29.2
29.2
28.9
29.0
29.1
29.1
29.2
29.1
28.9
29.0
29.2
29.3
29.3
29.0
29.1
29.2
29.3
29.4
29.0
29.1
29.2
29.3
29.4
29.1
29.1
29.3
29.4
29.4
29.2
29.0
29.2
29.2
29.3
29.4
29.1
29.1
29.2
29.3
29.4
29.1
29.1
29.2
29.3
29.3
28.9
29.0
29.2
29.2
29.3
29.1
29.0
29.1
29.1
29.2
29.2
28.9
29.1
29.3
29.2
29.2
29.0
29.1
29.1
29.2
29.4
29.1
29.1
29.3
29.4
29.5
29.5
29.2
29.2
29.3
29.4
29.5
29.1
29.2
29.3
29.4
29.5
29.2
29.1
29.2
29.2
29.4
29.2
29.0
29.1
29.1
29.3
29.2
29.0
29.1
29.3
29.4
29.4
29.1
29.2
29.2
29.3
29.4
29.0
29.0
29.1
29.2
29.3
29.2
29.1
29.1
29.2
29.3
29.3
29.1
29.1
29.2
29.3
29.3
29.1
29.1
29.2
29.3
29.3
29.0
28.9
29.0
29.1
29.2
29.0
29.1
29.2
29.2
29.3
29.1
29.1
29.2
29.2
29.3
29.1
29.1
29.1
29.2
29.3
29.1
28.9
28.9
29.0
29.2
29.2
29.0
29.0
29.1
29.2
29.2
29.0
29.0
29.1
29.3
29.4
29.3
29.1
29.1
29.2
29.2
29.3
28.9
29.1
29.1
29.2
29.3
29.0
29.0
29.0
29.1
29.2
29.0
28.9
29.1
29.3
29.4
29.2
29.1
29.0
29.2
29.3
29.4
29.1
29.2
29.3
29.4
29.4
29.1
29.2
29.3
29.4
29.5
29.2
29.1
29.2
29.3
29.4
29.3
29.1
29.1
29.2
29.3
29.5
29.1
29.1
29.1
29.2
29.4
29.1
29.1
29.1
29.2
29.3
29.1
29.0
29.1
29.3
29.4
29.2
29.0
29.0
29.1
29.2
29.3
29.0
29.1
29.2
29.3
29.4
29.0
29.1
29.1
29.2
29.1
28.8
29.0
29.1
29.2
29.3
29.0
29.1
29.1
29.2
29.3
29.0
29.1
29.2
29.2
29.3
29.1
29.1
