27.7
27.5
28.0
34.3
27.0
26.9
26.9
26.9
27.0
27.5
27.8
28.3
28.8
36.4
30.3
30.4
30.8
31.1
31.4
31.6
31.6
31.7
31.3
30.7
30.2
29.8
29.4
29.4
29.2
28.8
28.5
28.4
28.2
28.4
34.9
35.1
34.5
26.6
26.5
26.5
26.6
27.1
27.7
28.2
28.7
29.1
29.5
29.6
29.7
29.4
29.1
28.8
28.5
28.2
34.9
28.4
28.1
27.9
27.8
27.7
33.0
32.8
32.4
32.4
32.3
32.2
32.1
31.6
31.0
30.5
30.1
29.6
29.5
29.6
29.2
28.9
28.6
28.4
28.6
28.4
28.1
27.9
27.8
27.8
28.2
28.4
28.5
28.9
29.1
29.4
34.5
33.9
27.0
27.0
27.0
26.9
32.6
32.9
33.3
33.4
33.5
33.3
33.4
33.3
27.8
27.6
27.5
27.4
27.3
27.7
33.0
33.0
33.0
38.2
38.2
37.8
37.8
37.2
31.2
31.3
31.2
31.3
31.7
32.1
32.4
32.3
