25.9
26.5
26.5
26.6
26.8
26.8
26.8
26.8
26.8
26.8
26.8
26.8
26.8
26.8
26.7
26.7
26.8
26.8
26.7
26.7
26.7
26.7
26.7
26.7
26.8
26.7
26.7
26.8
26.9
26.8
27.1
27.0
27.0
26.9
26.9
26.9
26.8
26.9
26.8
26.8
26.7
26.7
26.7
26.7
26.7
26.7
26.6
26.6
26.6
26.6
26.6
26.6
26.6
26.6
26.6
26.7
26.7
26.7
26.7
26.6
26.6
26.6
26.6
26.6
26.6
26.6
26.6
26.6
26.5
26.5
26.5
26.5
26.5
26.6
26.6
26.6
26.6
26.9
26.9
26.8
26.7
26.9
27.0
27.3
27.2
27.2
27.1
27.0
27.0
26.9
26.8
26.8
26.8
26.7
26.7
26.7
26.7
26.7
26.7
26.9
26.8
26.8
26.8
26.7
26.7
26.6
26.6
26.7
26.7
26.7
26.7
26.7
26.9
26.8
26.8
26.9
26.9
26.8
26.8
26.8
26.7
26.7
26.7
27.3
27.2
27.4
27.5
27.5
39.5
27.2
27.1
27.1
27.0
27.0
27.0
35.7
27.0
26.9
26.9
26.8
26.8
26.8
26.8
26.8
26.8
26.8
26.8
26.8
26.8
26.8
26.7
26.7
26.6
26.7
27.0
27.0
26.9
26.8
26.8
26.8
26.8
26.7
26.7
26.7
26.7
26.6
26.7
26.7
26.6
26.6
26.6
26.6
26.6
26.6
26.6
26.6
26.6
26.5
26.5
26.5
26.5
26.5
26.5
26.5
26.7
26.6
26.6
26.6
27.2
27.2
27.1
27.0
26.9
26.8
26.8
26.7
26.8
26.7
26.7
26.6
26.6
26.6
26.6
26.6
26.6
26.6
26.6
26.7
26.6
26.6
26.6
26.6
26.6
26.6
26.6
26.5
26.6
26.5
26.5
26.5
26.6
26.6
26.6
26.5
26.6
26.6
26.5
26.6
26.7
26.7
26.6
26.7
26.7
32.2
32.3
26.6
26.5
26.5
26.5
26.6
26.6
26.6
26.6
26.6
26.6
26.6
26.6
26.5
26.5
26.5
26.5
26.5
26.5
26.4
26.4
26.5
26.5
26.5
26.5
26.4
26.4
26.4
26.5
26.5
26.4
26.4
26.4
26.5
26.5
26.5
26.5
26.5
26.5
26.5
26.5
26.4
26.5
26.9
27.0
26.9
26.8
26.8
26.7
26.9
26.8
26.7
26.7
26.6
26.6
26.6
26.6
26.5
26.5
26.5
26.5
26.6
26.5
26.5
26.5
26.5
26.5
26.5
26.5
26.5
26.5
26.5
26.5
26.4
26.4
26.5
26.5
26.4
26.4
26.4
26.4
26.4
26.4
26.4
26.4
26.4
26.4
26.4
26.4
26.4
26.4
26.4
26.5
33.0
26.2
26.2
26.2
26.3
26.3
26.3
26.3
26.3
26.3
26.3
26.5
26.6
26.5
26.5
26.4
26.4
26.4
26.4
26.5
26.5
26.4
26.5
26.4
26.4
26.4
26.4
26.4
26.5
26.5
26.4
26.4
26.4
26.4
26.4
26.5
26.5
26.5
26.5
26.4
26.4
26.4
26.4
26.4
26.4
26.4
26.5
26.5
26.4
26.4
26.4
26.5
26.5
26.4
26.6
26.7
26.7
26.7
26.6
26.6
26.7
26.6
26.7
26.7
26.6
26.6
26.6
26.6
26.6
26.6
26.6
26.6
26.6
26.5
26.5
26.5
26.5
26.5
26.5
26.4
26.4
26.5
26.4
26.4
26.4
26.4
26.5
26.4
26.5
26.5
26.4
26.4
26.5
26.5
26.5
26.5
26.4
26.5
26.5
26.5
26.5
26.4
26.4
26.5
26.5
26.5
26.5
26.5
26.5
26.5
26.5
26.5
26.5
26.4
26.4
26.5
26.5
26.4
26.5
26.5
26.5
26.5
26.5
26.4
26.4
26.5
26.4
26.4
26.4
26.4
26.4
26.4
26.5
26.5
26.7
26.8
26.7
26.6
26.6
26.6
26.6
26.6
26.5
26.5
26.5
26.5
26.4
26.5
26.4
26.4
26.4
26.5
26.4
26.4
26.4
26.4
26.4
26.4
26.4
26.4
26.4
26.4
26.4
26.5
26.5
26.5
26.5
26.4
26.4
26.4
26.4
26.4
26.5
26.5
26.5
26.4
26.4
26.5
26.5
26.4
26.5
26.5
26.5
26.4
26.4
26.4
26.4
26.4
26.4
26.4
26.4
26.4
26.4
26.4
26.4
26.5
26.4
26.4
26.4
26.4
26.5
26.5
26.4
26.4
26.4
26.5
26.4
26.4
26.4
26.4
26.5
26.5
26.4
26.4
26.4
26.4
26.4
26.5
26.4
26.4
26.4
26.4
26.4
26.4
26.4
26.4
26.5
26.4
26.4
26.4
26.4
26.5
26.5
26.4
26.4
26.4
26.4
26.4
26.4
26.4
26.4
26.5
26.5
26.5
26.5
26.5
26.6
26.6
26.6
26.6
26.6
26.6
26.6
26.5
26.6
26.5
26.5
26.5
26.5
26.5
26.5
26.5
26.5
26.5
26.5
26.4
26.5
26.4
26.5
26.5
26.5
26.5
26.4
26.4
26.5
26.5
26.5
26.4
26.4
26.4
26.4
26.4
26.4
26.4
26.4
26.4
26.4
26.4
26.4
26.5
26.5
26.5
26.5
26.4
26.4
26.4
26.4
26.4
26.4
26.4
26.4
26.4
26.4
26.4
26.4
26.4
26.4
26.4
26.4
26.4
26.4
26.4
26.4
26.4
26.4
26.4
26.4
26.4
26.4
26.3
26.3
26.3
26.4
26.4
26.4
26.4
26.4
26.4
26.4
26.4
26.4
26.4
26.4
26.4
26.4
26.4
26.4
26.4
26.4
26.4
26.3
26.3
26.4
26.4
26.4
26.4
26.4
26.4
26.4
26.4
26.4
26.4
26.4
26.4
26.5
26.6
26.7
26.9
26.8
26.7
26.7
26.7
26.7
26.6
26.5
26.6
26.6
26.5
26.5
26.5
26.5
26.5
26.5
26.5
26.5
26.5
26.5
26.5
26.5
26.5
26.5
26.5
26.4
26.4
26.4
26.4
26.4
26.4
26.5
26.4
26.4
26.4
26.4
26.4
26.4
26.4
26.4
26.4
26.4
26.3
26.3
26.3
26.4
26.4
26.4
26.4
26.4
26.4
26.4
26.4
26.4
26.4
26.4
26.4
26.4
26.4
26.4
26.4
26.4
26.5
26.4
26.4
26.4
26.5
26.5
26.5
26.5
26.6
26.9
26.9
26.8
26.7
26.7
26.7
26.7
26.7
26.7
26.6
26.6
26.6
26.6
26.6
26.6
26.5
26.5
26.5
26.5
26.5
26.5
26.5
26.6
26.5
26.5
26.5
26.5
26.5
26.5
26.5
26.4
26.5
26.5
26.4
26.4
26.4
26.4
26.4
26.4
26.4
26.4
26.4
26.4
26.4
26.4
26.4
26.4
26.4
26.4
26.4
26.4
26.4
26.4
26.4
26.4
26.4
26.4
26.4
26.4
26.4
26.4
26.4
26.4
26.4
26.4
26.4
26.4
26.4
26.4
26.4
26.4
26.4
26.3
26.4
26.3
26.3
26.3
26.3
26.4
26.3
26.3
26.3
26.4
26.4
26.3
26.4
26.3
26.4
26.4
26.5
26.4
26.4
26.4
26.4
26.4
26.4
26.4
26.4
26.4
