43.0
42.6
42.9
42.8
42.2
41.7
36.1
35.9
36.0
42.4
42.5
42.8
43.0
42.7
42.3
41.9
41.3
40.9
41.0
41.4
41.6
42.0
42.4
42.7
43.0
43.3
43.0
35.1
34.9
35.3
43.0
43.3
43.6
43.9
44.0
43.8
43.9
43.9
44.0
44.0
44.2
44.3
44.0
43.5
43.2
42.9
42.7
42.6
43.0
43.3
43.5
43.7
43.7
43.9
44.0
44.1
44.1
44.1
44.1
44.1
44.1
44.1
43.9
44.0
43.9
44.0
44.2
44.3
44.4
44.6
44.7
44.8
44.9
45.0
45.1
45.1
45.2
45.0
38.2
38.6
45.5
45.5
45.1
39.3
39.8
40.3
40.9
41.5
42.0
42.5
42.8
43.1
43.4
43.7
43.9
44.1
44.2
44.4
44.4
44.6
44.7
44.8
44.8
44.6
44.8
44.7
44.8
44.9
45.0
44.8
37.0
36.8
36.5
36.5
36.6
36.3
36.1
36.1
36.0
36.0
36.0
35.9
35.6
35.3
35.4
35.7
35.8
35.8
35.9
36.0
36.1
44.7
44.7
44.8
44.8
44.9
45.0
44.8
44.5
38.2
37.8
37.9
38.3
38.9
38.8
38.9
39.5
39.5
39.7
39.9
40.0
40.6
41.1
41.5
41.6
41.5
41.1
35.1
34.9
35.3
35.9
36.5
36.8
44.5
44.6
44.7
44.8
44.8
44.8
44.9
44.9
45.0
45.0
44.9
44.8
44.8
44.9
44.9
44.9
45.1
45.1
45.2
45.2
44.9
39.7
40.0
39.9
40.0
40.2
40.5
40.7
41.2
41.6
42.0
42.5
42.9
43.2
43.4
43.6
43.8
44.0
44.1
44.2
44.4
44.6
44.7
44.7
44.8
44.8
44.9
44.9
45.0
44.8
44.8
44.9
45.0
45.1
45.1
45.2
45.2
45.3
45.3
45.4
45.4
45.5
45.5
45.6
45.2
44.7
44.2
38.0
37.9
38.2
38.3
38.8
39.0
39.5
39.6
39.5
39.4
39.4
39.8
39.9
39.9
39.9
40.1
45.7
45.7
45.7
39.1
39.3
39.6
39.7
39.9
39.8
39.5
38.9
38.5
38.1
37.7
37.7
37.7
37.6
37.3
36.9
36.5
36.4
44.5
44.1
36.1
36.1
36.3
36.4
36.5
36.5
36.5
36.6
41.8
42.0
42.4
42.8
43.2
43.4
43.7
44.0
43.6
43.3
43.4
43.7
44.0
44.2
44.4
44.6
44.7
44.9
44.9
44.9
44.8
44.8
44.9
44.8
44.5
44.6
44.7
44.8
44.8
44.3
43.7
