26.9
45.9
45.2
45.3
45.3
45.3
45.3
45.2
45.3
45.3
45.3
45.3
45.2
45.2
44.9
44.4
44.4
44.2
44.2
44.2
44.4
44.6
44.7
44.8
44.9
45.0
45.0
45.1
45.1
45.2
45.2
45.3
45.3
45.3
45.3
45.4
45.4
45.4
45.4
45.4
45.4
45.4
45.4
45.4
45.4
45.4
45.4
45.5
45.4
45.4
45.5
45.5
45.5
45.5
45.5
45.6
45.6
45.6
45.6
45.6
45.6
45.6
45.6
45.6
45.6
45.6
45.6
45.6
45.6
45.6
45.6
45.2
45.0
36.4
42.0
36.6
37.0
44.1
44.3
44.4
44.6
44.7
44.8
44.9
45.0
45.1
45.3
45.3
45.4
45.4
45.4
45.5
45.5
45.5
45.5
45.5
45.6
45.6
45.4
39.7
39.3
39.2
39.8
44.9
44.9
44.9
44.9
44.7
44.4
44.5
44.6
44.7
44.5
44.4
44.4
44.2
44.3
44.5
44.6
44.8
44.4
44.5
44.5
44.5
44.5
44.5
44.3
43.7
38.2
43.4
43.6
43.8
44.0
44.1
44.0
44.2
44.3
44.5
44.6
44.8
44.8
44.9
45.1
45.2
45.3
45.4
45.5
45.6
45.6
45.7
45.8
45.7
45.7
45.8
45.8
45.8
45.8
45.8
45.9
45.9
45.9
45.9
45.8
45.8
45.9
45.8
45.8
45.8
45.8
45.8
45.8
45.8
45.8
45.8
45.8
45.8
45.8
45.8
45.8
45.8
45.8
45.7
45.6
45.6
45.6
45.6
45.6
45.6
45.6
45.6
45.7
45.7
45.7
45.4
45.0
44.5
43.9
43.3
43.6
43.7
44.0
43.9
44.1
44.2
44.4
44.5
44.7
44.8
44.8
44.8
44.9
44.9
45.0
44.9
45.0
45.1
45.2
45.3
45.4
45.4
45.4
45.5
45.4
45.4
45.4
44.9
44.4
44.2
43.7
43.4
43.3
43.0
42.6
42.7
42.1
41.6
41.7
41.9
42.0
41.6
41.7
41.9
41.7
42.0
42.3
42.6
43.0
43.4
43.7
43.9
44.2
43.9
43.8
44.1
44.3
44.4
44.6
44.8
44.9
45.0
45.1
45.2
45.4
45.4
45.5
45.5
45.5
45.5
45.3
45.2
45.2
45.1
45.1
45.2
45.3
45.3
45.4
45.5
45.6
45.7
45.7
45.7
45.8
45.9
45.9
45.9
45.9
46.0
46.0
46.1
46.0
46.1
