44.3
44.0
43.9
43.7
37.4
37.3
37.6
38.0
45.3
45.3
45.3
45.3
45.4
45.3
45.4
45.4
45.4
45.4
45.4
45.4
45.1
45.1
45.1
45.1
45.1
45.2
45.2
45.3
45.4
45.4
36.8
36.9
37.0
37.1
37.2
37.3
37.5
37.9
38.2
38.6
38.6
38.5
38.8
39.3
39.3
39.4
39.4
39.6
39.4
39.5
39.9
40.4
45.7
45.6
45.6
45.7
45.6
45.6
45.7
45.7
45.8
45.7
45.7
45.7
45.8
45.8
45.8
45.8
45.8
45.8
45.8
45.8
45.7
45.7
45.7
45.7
45.7
45.7
45.7
45.7
45.7
45.6
45.6
45.6
45.7
45.7
45.7
45.7
45.7
45.8
45.8
45.8
39.9
45.5
45.5
45.5
45.5
45.4
45.3
45.0
44.5
38.4
37.9
37.7
38.0
38.4
38.6
38.8
38.7
38.9
39.3
39.6
45.5
45.5
45.5
45.6
45.6
45.7
45.7
45.7
45.7
45.7
45.6
45.6
45.5
39.5
39.4
39.5
39.8
40.1
40.2
40.6
41.2
41.7
42.2
42.5
42.9
43.2
43.5
43.0
43.2
43.6
44.0
44.2
44.3
44.5
44.6
44.8
44.9
45.0
37.4
37.2
36.8
37.2
45.1
36.6
44.7
44.7
44.8
44.2
43.7
43.4
43.7
43.8
44.0
44.0
44.2
44.5
44.7
44.8
44.9
45.0
45.2
45.2
45.3
45.4
45.3
45.4
45.1
45.1
39.5
39.9
39.8
40.1
40.4
40.2
40.5
45.7
45.6
45.6
45.7
45.3
44.8
44.3
44.5
44.6
44.7
44.8
45.0
45.1
45.2
45.2
44.7
44.6
44.6
44.7
44.7
44.5
44.2
43.8
44.1
44.3
44.5
44.7
44.9
45.1
45.1
45.2
45.4
45.5
45.6
45.6
45.6
45.7
39.5
39.5
39.5
39.5
39.5
39.7
39.8
39.7
39.6
39.6
39.6
40.0
40.3
40.9
41.5
42.0
42.5
42.9
43.2
43.5
43.8
43.9
43.5
43.2
43.1
42.5
42.3
42.7
42.4
42.2
42.0
41.8
41.4
41.2
41.1
40.9
41.0
41.3
40.9
40.8
40.7
41.0
41.1
41.0
40.9
40.9
41.3
41.9
42.4
42.7
42.7
43.2
43.5
43.5
35.5
36.1
44.5
44.5
44.6
44.7
44.7
44.4
43.9
43.4
43.1
42.9
42.8
42.7
42.4
42.3
42.7
43.0
42.8
42.7
