26.2
26.1
33.6
33.7
42.2
33.2
40.5
33.4
33.1
32.8
32.6
32.6
32.9
33.0
46.1
33.4
33.4
33.0
33.3
33.1
32.6
27.0
26.7
26.6
26.4
26.3
26.1
26.1
26.0
25.9
25.8
25.8
35.7
25.5
25.5
25.5
25.7
26.2
26.4
26.4
26.4
26.5
26.5
26.5
26.5
26.5
26.5
26.6
26.5
26.6
26.6
26.5
26.6
26.6
26.6
26.6
26.6
26.6
26.6
26.6
26.7
26.6
26.6
26.8
26.9
26.8
27.1
27.0
26.9
26.9
26.9
26.8
26.8
26.7
26.7
26.6
26.6
26.6
26.6
26.5
26.5
26.5
26.5
26.5
26.4
26.4
26.4
26.4
26.3
26.4
26.4
26.5
26.5
26.5
26.4
26.4
26.4
26.4
26.4
26.4
26.4
26.4
26.4
26.4
26.4
26.4
26.4
26.4
26.4
26.4
26.4
26.4
26.4
26.7
26.6
26.6
26.6
26.5
26.5
26.4
26.4
26.4
26.4
26.4
26.4
26.4
26.4
26.4
26.3
26.3
26.4
26.4
26.4
26.3
26.3
26.3
26.3
26.3
26.3
26.3
26.3
26.3
26.3
26.3
26.3
26.3
26.4
26.4
26.5
26.4
26.5
26.6
26.6
26.6
26.6
26.5
26.5
26.5
26.4
26.4
26.4
26.4
26.4
26.4
26.4
26.4
26.4
26.4
26.4
26.4
26.4
26.4
26.3
26.3
26.3
26.4
26.4
26.4
26.4
26.5
26.5
26.5
26.5
26.5
26.5
26.5
26.5
26.4
26.4
26.4
26.4
26.4
26.3
26.3
26.3
26.3
26.4
26.3
26.3
26.3
26.3
26.3
26.3
26.3
26.3
26.3
26.3
26.3
26.3
26.3
26.3
26.3
26.3
26.3
26.3
26.3
26.3
26.3
26.3
26.3
26.4
26.4
26.3
26.4
32.0
26.2
26.2
26.2
26.2
26.2
26.2
26.2
26.3
26.2
26.3
26.3
26.3
26.3
26.3
26.4
26.3
26.3
26.4
26.4
26.3
26.3
26.3
26.3
26.3
26.3
26.3
26.3
26.3
26.3
26.3
26.3
26.3
26.3
26.4
26.4
26.4
26.4
26.4
26.5
32.4
26.4
26.3
26.4
26.4
27.0
27.4
27.2
27.1
27.0
26.9
33.4
27.8
27.6
27.6
27.4
27.3
27.2
27.1
26.9
26.8
26.8
26.7
26.6
26.5
26.5
26.5
26.4
26.4
26.4
26.4
26.3
26.4
26.4
26.4
26.3
26.4
26.4
26.4
26.4
26.3
26.4
26.4
26.4
26.3
26.3
26.4
26.3
26.4
26.5
26.4
26.4
26.4
26.4
26.4
33.2
26.2
26.2
26.2
26.2
26.1
26.1
26.1
26.2
26.2
26.2
26.2
26.2
26.2
26.3
26.3
26.3
26.2
26.3
26.3
26.3
26.3
26.3
26.3
26.3
26.3
26.4
26.3
26.3
26.3
26.3
26.3
26.3
26.3
26.3
26.4
26.4
26.3
26.3
26.3
26.4
26.3
26.4
26.4
26.5
26.5
26.4
26.5
26.4
26.4
26.4
26.5
26.4
26.4
26.4
26.4
26.4
26.4
26.4
26.3
26.3
26.3
26.4
26.3
26.3
26.3
26.3
26.3
26.3
26.3
26.3
26.3
26.3
26.3
26.3
26.3
26.3
26.3
26.3
26.4
26.4
26.3
26.3
26.3
26.3
26.3
26.3
26.3
26.3
26.3
26.4
26.3
26.3
26.3
26.3
26.3
26.3
26.2
26.2
26.2
26.3
26.3
26.2
26.2
26.3
26.4
26.3
26.3
26.3
26.3
26.3
26.3
26.3
26.3
26.3
26.3
26.3
26.3
26.2
26.3
26.3
26.7
26.6
26.6
26.5
26.5
26.5
26.5
26.5
26.4
26.4
26.4
26.4
26.4
26.3
26.3
26.4
26.4
26.3
26.4
26.3
26.3
26.3
26.3
26.3
26.3
26.3
26.3
26.3
26.3
26.2
26.2
26.2
26.3
26.2
26.2
26.3
26.3
26.3
26.3
26.3
26.3
26.3
26.3
26.3
26.3
26.3
26.3
26.3
26.3
26.3
26.4
26.3
26.4
26.4
26.3
26.5
26.5
26.5
26.4
26.4
26.3
26.4
26.3
26.3
26.3
26.3
26.3
26.3
26.3
26.3
26.2
26.3
26.2
26.3
26.3
26.3
26.3
26.3
26.3
26.3
26.2
26.2
26.2
26.2
26.3
26.2
26.2
26.2
26.2
26.3
26.2
26.2
26.2
26.2
26.2
26.2
26.2
26.2
26.2
26.4
26.4
26.4
26.3
26.3
26.3
26.4
26.4
26.4
26.4
26.3
26.4
26.4
26.3
26.4
26.3
26.3
26.4
26.4
26.3
26.3
26.4
26.3
26.3
26.3
26.3
26.3
26.3
26.2
26.2
26.2
26.2
26.2
26.2
26.2
26.2
26.4
26.6
26.5
26.5
26.4
26.5
26.4
26.4
26.4
26.3
26.4
26.3
26.4
26.4
26.4
26.4
26.4
26.4
26.6
26.5
26.5
26.5
26.5
26.5
26.5
26.4
26.5
26.5
26.5
26.4
26.4
26.4
26.4
26.4
26.4
26.5
26.4
26.4
26.5
26.5
26.4
26.4
26.4
26.4
26.4
26.3
26.3
26.3
26.3
26.4
26.3
26.3
26.3
26.3
26.3
26.3
26.3
26.2
26.2
26.3
26.3
26.3
26.2
26.3
26.2
26.3
26.3
26.2
26.2
26.2
26.3
26.3
26.3
26.3
26.3
26.3
26.3
26.4
26.4
26.4
26.4
26.4
26.4
26.4
26.4
26.3
26.3
26.3
26.6
26.5
26.5
26.4
26.4
26.4
26.4
26.4
26.4
26.4
26.4
26.3
26.3
26.3
26.3
26.3
26.3
26.3
26.3
26.2
26.3
26.3
26.2
26.2
26.2
26.2
26.2
26.2
26.2
26.2
26.2
26.2
26.3
26.2
26.2
26.3
26.3
26.3
26.3
26.2
26.3
26.3
26.3
26.3
26.2
26.2
26.2
26.2
26.2
26.2
26.2
26.2
26.2
26.2
26.2
26.2
26.2
26.2
26.2
26.2
26.2
26.2
26.2
26.2
26.2
26.1
26.2
26.2
26.3
26.2
26.3
26.3
26.3
26.3
26.3
26.3
26.3
26.2
26.3
26.3
26.3
26.3
26.3
26.3
26.3
26.2
26.2
26.2
26.2
26.3
26.2
26.2
26.2
26.2
26.3
26.3
26.3
26.2
26.3
26.2
26.3
26.3
26.3
26.3
26.2
26.2
26.3
26.3
26.2
26.2
26.2
26.2
26.2
26.2
26.2
26.2
26.3
26.3
26.2
26.2
26.2
26.3
26.2
26.2
26.3
26.2
26.3
26.3
26.3
26.2
26.3
26.2
26.3
26.3
26.2
26.2
26.2
26.3
26.2
26.3
26.2
26.3
26.3
26.3
26.2
26.2
26.2
26.2
26.2
26.2
26.2
26.2
26.2
26.2
26.2
26.2
26.2
26.2
26.2
26.2
26.2
26.2
26.2
26.2
26.2
26.2
26.2
26.2
26.2
26.2
26.2
26.2
26.2
26.2
26.2
26.2
26.2
26.3
26.2
26.2
26.2
26.2
26.3
26.3
26.3
26.3
26.2
26.2
26.3
26.3
26.2
26.2
26.2
26.3
26.3
26.3
26.3
26.2
26.3
26.2
26.3
26.3
26.2
26.2
26.2
26.2
26.2
26.2
26.2
26.2
26.2
26.2
26.3
26.5
26.6
26.8
26.7
26.7
26.6
26.5
26.5
26.5
26.4
26.4
26.3
26.3
26.3
