26.2
26.3
43.2
43.2
37.4
37.8
30.5
30.8
30.7
31.1
36.4
30.1
30.6
45.9
37.2
30.3
30.2
30.3
37.6
37.0
27.0
26.8
26.6
26.4
26.4
26.3
26.2
26.2
26.1
26.0
26.3
25.6
36.8
26.9
26.9
26.9
27.1
27.2
27.2
27.1
27.1
27.1
27.0
27.0
27.0
26.9
27.0
27.0
26.9
26.9
26.9
26.8
26.8
26.8
26.8
26.7
26.8
26.9
26.9
26.9
27.0
27.0
27.3
27.2
27.1
27.1
27.0
27.4
27.3
27.2
27.1
27.1
27.1
27.0
27.0
26.9
26.8
26.8
26.8
26.7
26.7
26.7
26.7
26.7
26.7
26.7
26.7
26.8
26.7
26.7
26.7
26.7
26.7
26.7
26.6
26.6
26.6
26.8
26.8
26.8
26.7
26.7
26.7
26.7
26.7
26.6
26.7
26.7
26.7
27.0
26.9
26.9
26.9
26.8
26.8
26.8
26.8
26.7
26.7
26.7
26.7
26.6
26.6
26.6
26.7
26.7
26.7
26.7
26.6
26.6
26.6
26.6
26.6
26.6
26.6
26.6
26.6
26.6
26.6
26.6
26.6
26.6
26.6
26.8
27.1
27.2
27.2
27.5
27.3
27.2
27.1
27.1
27.0
27.0
26.9
26.8
26.8
26.7
26.7
26.7
26.7
26.8
26.7
26.7
26.7
26.6
26.6
26.6
26.6
26.6
26.6
26.5
26.6
26.6
26.6
26.6
26.6
26.6
26.6
26.6
26.6
26.6
26.6
26.5
26.6
26.6
26.6
26.6
26.6
26.6
26.6
26.6
26.5
26.5
26.5
26.5
26.7
26.6
26.6
26.6
26.6
26.5
26.6
26.5
26.5
26.5
26.6
26.5
26.5
26.5
26.5
26.5
26.5
26.5
26.5
26.5
26.6
26.7
26.6
26.6
26.8
27.4
27.3
27.2
27.1
27.0
26.9
26.9
26.8
26.7
26.7
26.7
26.7
26.7
26.6
26.6
26.6
26.6
26.6
26.9
26.8
26.8
26.7
26.7
26.7
26.6
26.6
26.6
26.7
26.7
26.6
26.6
26.6
26.6
26.6
26.5
26.6
26.5
26.6
26.5
26.6
27.1
27.0
26.9
27.0
26.9
34.5
27.0
26.9
26.8
26.8
26.7
26.9
26.8
26.8
26.7
26.7
26.6
26.6
26.6
26.6
26.5
26.5
26.5
26.5
26.5
26.5
26.4
26.4
26.4
26.4
26.4
26.4
26.4
26.4
26.5
26.5
26.5
26.5
26.4
26.4
26.5
26.5
26.5
26.6
26.6
26.6
26.5
26.5
26.5
26.8
26.8
26.8
26.7
26.7
26.6
26.8
26.7
26.6
26.6
26.6
26.6
26.5
26.5
26.5
26.6
26.9
27.0
27.1
27.2
27.2
27.1
27.1
27.0
26.9
26.8
26.8
26.7
26.7
26.6
26.6
26.6
26.6
26.6
26.5
26.5
26.5
26.5
26.5
26.5
26.4
26.5
26.4
26.4
26.4
26.4
26.5
26.5
26.5
26.5
26.8
26.8
26.7
26.7
26.7
26.6
26.6
26.6
26.6
26.6
26.6
26.6
26.6
26.5
26.6
26.5
26.5
26.6
26.6
26.5
26.5
26.5
26.5
26.5
26.5
26.4
26.5
26.5
26.5
26.5
26.5
26.5
26.5
26.5
26.5
26.5
26.5
26.5
26.5
26.5
26.5
26.5
26.5
26.5
26.6
26.5
26.5
26.5
26.5
26.5
26.5
26.4
26.4
26.4
26.4
26.4
26.4
26.4
26.4
26.4
26.4
26.4
26.4
26.4
26.4
26.4
26.4
26.4
26.4
26.4
26.4
26.4
26.4
26.4
26.4
26.4
26.4
26.4
26.4
26.4
26.4
26.4
26.4
26.5
26.6
26.6
27.0
27.0
27.1
27.1
27.0
26.9
26.9
26.9
26.7
26.7
26.7
26.7
26.6
26.6
26.6
26.6
26.6
26.6
26.5
26.5
26.5
26.5
26.5
26.5
26.4
26.4
26.5
26.5
26.5
26.4
26.5
26.5
26.5
26.4
26.4
26.4
26.4
26.4
26.4
26.4
26.4
26.4
26.4
26.4
26.4
26.4
26.4
26.4
26.4
26.4
26.4
26.4
26.4
26.4
26.4
26.3
26.3
26.3
26.4
26.4
26.4
26.4
26.4
26.4
26.4
26.4
26.3
26.3
26.4
26.4
26.4
26.4
26.4
26.4
26.4
26.4
26.3
26.3
26.3
26.4
26.3
26.3
26.3
26.4
26.4
26.3
26.3
26.3
26.3
26.4
26.3
26.3
26.3
26.3
26.4
26.4
26.3
26.3
26.4
26.4
26.4
26.4
26.4
26.4
26.4
26.4
26.4
26.4
26.4
26.4
26.4
26.4
26.3
26.3
26.4
26.4
26.4
26.3
26.3
26.4
26.4
26.4
26.4
26.4
26.4
26.4
26.4
26.4
26.4
26.4
26.4
26.4
26.4
26.3
26.3
26.4
26.4
26.4
26.4
26.3
26.4
26.3
26.4
26.3
26.3
26.3
26.3
26.4
26.4
26.3
26.4
26.3
26.4
26.3
26.3
26.3
26.3
26.4
26.4
26.4
26.4
26.4
26.4
26.4
26.4
26.4
26.4
26.4
26.4
26.4
26.4
26.4
26.4
26.5
26.5
26.5
26.5
26.5
26.4
26.4
26.4
27.0
27.0
26.9
26.8
26.8
26.8
26.8
26.7
26.6
26.6
26.6
26.5
26.5
26.5
26.5
26.5
26.5
26.5
26.5
26.5
26.5
26.5
26.5
26.4
26.4
26.4
26.4
26.4
26.4
26.4
26.4
26.5
26.5
26.4
26.5
26.5
26.5
26.5
26.5
26.5
26.5
26.5
26.5
26.5
26.5
26.5
26.5
26.5
26.4
26.5
26.5
26.4
26.5
26.5
26.5
26.5
26.4
26.5
26.5
26.5
26.4
26.5
26.4
26.5
36.4
26.2
26.2
26.3
26.2
26.3
26.3
26.3
26.4
26.4
26.4
26.4
26.3
26.4
26.4
26.6
26.5
26.5
26.5
26.6
26.6
26.6
26.5
26.5
26.5
26.5
26.5
26.5
26.5
26.5
26.5
26.5
26.5
26.5
26.5
26.5
26.5
26.5
26.5
26.4
26.5
26.5
26.5
26.4
26.4
26.6
26.7
26.7
26.7
26.6
26.6
26.6
26.6
26.6
26.5
26.5
26.5
26.5
26.5
26.5
26.4
26.5
26.5
26.5
26.5
26.4
26.5
26.5
26.4
26.4
26.4
26.4
26.4
26.4
26.4
26.4
26.5
26.5
26.5
26.4
26.4
26.5
26.4
26.5
26.4
26.4
26.5
26.5
26.5
26.4
26.5
26.4
26.5
26.4
26.4
26.4
26.4
26.4
26.4
26.4
26.4
26.4
26.4
26.4
26.5
26.5
26.5
26.5
26.5
26.5
26.5
26.5
26.5
26.5
26.5
26.5
26.4
26.5
26.5
26.4
26.5
26.5
26.4
26.5
26.5
26.5
26.5
26.4
26.5
26.5
26.5
26.5
26.4
26.4
26.5
26.5
26.5
26.4
26.5
26.4
26.4
26.7
26.6
26.6
26.6
26.6
26.6
26.5
26.5
26.5
26.5
26.5
26.5
26.5
26.5
26.5
26.5
26.5
26.4
26.4
26.4
26.4
26.5
26.4
26.4
26.5
26.5
26.5
26.5
26.5
26.5
26.5
26.5
26.5
26.5
26.5
26.4
26.5
26.5
26.5
26.5
26.5
26.5
26.5
26.5
26.4
26.5
26.5
26.4
