28.2
28.5
28.6
28.7
28.9
29.2
29.4
29.5
29.3
29.5
29.6
29.7
29.9
29.6
29.8
29.9
29.9
30.1
30.1
29.9
30.0
30.0
30.1
30.2
29.9
29.9
30.0
30.0
30.1
30.0
29.9
29.9
29.9
30.1
30.1
29.8
29.8
29.9
30.1
30.2
30.0
29.9
30.0
30.1
30.2
30.3
30.0
30.2
30.3
30.4
30.4
30.4
30.1
30.2
30.2
30.3
30.3
30.0
30.1
30.1
30.3
30.4
30.1
30.1
30.2
30.2
30.3
30.3
30.1
30.2
30.3
30.3
30.4
30.1
30.1
30.3
30.3
30.2
30.1
30.1
30.2
30.3
30.4
30.1
30.0
30.2
30.3
30.2
30.0
30.1
30.2
30.0
30.1
30.2
30.0
30.0
30.2
30.0
30.0
30.0
30.1
30.0
30.1
30.2
30.2
30.0
30.0
30.1
30.1
29.9
29.8
30.0
30.1
30.3
30.0
30.0
30.0
30.0
30.0
29.8
29.8
29.9
30.0
30.1
30.3
30.0
30.1
30.0
30.1
30.2
29.9
30.0
30.1
30.1
30.2
30.1
30.0
30.1
30.2
30.2
30.2
30.0
30.2
30.2
30.3
30.4
30.0
30.2
30.3
30.4
30.4
30.2
30.2
30.3
30.4
30.4
30.5
30.2
30.2
30.3
30.4
30.5
30.3
30.1
30.2
30.2
30.3
30.3
30.0
30.0
30.1
30.1
30.1
29.8
30.0
30.0
30.1
30.1
30.1
29.9
30.0
30.1
30.2
30.3
30.0
30.0
30.1
30.1
30.1
30.0
29.9
29.9
30.0
30.2
29.9
29.9
29.9
29.9
30.1
29.8
29.9
30.0
30.0
30.1
30.1
29.8
29.9
30.0
30.0
30.0
29.7
29.8
30.0
30.1
30.3
30.2
30.1
30.2
30.1
30.2
30.3
30.0
30.0
30.1
30.2
30.3
30.1
30.0
30.2
30.2
30.1
30.0
29.8
29.8
29.9
30.1
30.0
29.8
30.0
30.1
30.2
30.2
29.9
30.0
30.1
30.2
30.2
30.0
30.0
30.1
30.2
30.3
30.5
30.2
30.2
30.3
30.3
30.4
30.3
30.1
30.2
30.3
30.3
30.2
29.9
30.0
30.0
30.1
30.2
30.0
29.9
30.0
30.2
30.2
30.3
30.0
30.0
30.1
30.1
30.2
29.8
29.9
30.0
30.1
30.2
