25.8
25.9
26.4
26.4
26.5
26.5
26.6
26.6
26.6
26.6
26.5
26.5
26.5
26.6
26.6
26.6
26.7
26.6
26.6
26.6
26.6
26.6
26.6
26.5
26.5
26.5
26.6
26.5
26.5
26.5
26.6
26.7
26.9
26.9
26.8
26.7
26.7
26.6
26.6
26.6
26.6
26.5
26.5
26.5
26.5
26.5
26.5
26.5
26.5
26.4
26.4
26.4
26.4
26.4
26.4
26.4
26.4
26.5
26.5
26.5
26.5
26.5
26.5
26.4
26.4
26.4
26.4
26.4
26.4
26.4
26.4
26.4
26.4
26.4
26.4
26.4
26.4
26.5
26.5
26.8
26.8
26.7
26.7
26.6
26.6
26.6
26.5
26.5
26.4
26.4
26.7
26.7
26.6
26.6
26.6
26.5
26.5
26.5
26.5
26.5
26.4
26.5
26.5
26.5
26.5
26.5
26.5
26.5
26.5
26.5
26.5
26.5
26.5
26.5
26.6
26.6
26.6
26.7
26.7
26.6
26.5
26.6
26.5
26.5
26.5
26.4
26.4
26.4
26.4
26.4
26.4
26.5
26.4
26.4
26.4
26.4
26.4
26.3
26.3
26.4
26.3
26.3
26.4
26.4
26.4
26.4
26.3
26.3
26.3
26.3
26.4
26.4
26.4
26.3
26.4
26.4
26.4
26.4
26.3
26.4
26.4
26.4
26.4
26.4
26.5
26.5
26.5
26.5
26.4
26.4
26.4
26.4
26.4
26.3
26.3
26.4
26.3
26.3
26.3
26.3
26.3
26.2
26.2
26.2
26.3
26.3
26.3
26.4
26.3
26.3
26.4
27.0
26.9
26.8
26.7
26.6
26.6
26.6
26.5
26.4
26.4
26.4
26.5
26.4
26.4
26.4
26.4
26.4
26.4
26.4
26.4
26.4
26.4
26.5
26.4
26.4
26.4
26.4
26.4
26.4
26.4
26.4
26.4
26.4
26.5
26.4
26.4
26.4
26.4
26.4
26.4
26.5
26.6
26.5
26.7
26.6
32.4
32.4
26.6
26.5
26.5
26.4
31.6
26.4
26.4
26.3
26.3
26.3
26.3
26.3
26.3
26.3
26.3
26.3
26.3
26.3
26.3
26.3
26.3
26.3
26.3
26.3
26.3
26.3
26.3
26.3
26.2
26.2
26.3
26.3
26.3
26.2
26.3
26.3
26.3
26.3
26.3
26.3
26.3
26.2
26.3
26.4
26.4
26.4
26.4
26.4
26.8
26.7
26.7
26.7
26.6
26.6
26.5
26.4
26.4
26.4
26.4
26.4
26.3
26.5
26.9
26.9
27.1
26.9
26.9
26.8
26.7
26.7
26.7
26.6
26.6
26.5
26.6
27.1
36.1
27.4
27.3
34.9
34.9
35.3
26.4
26.4
26.4
26.4
26.4
26.4
26.4
26.5
26.6
26.5
32.2
26.2
26.3
26.2
26.3
26.3
26.2
26.3
26.3
26.3
26.3
26.3
26.3
26.3
26.4
26.4
26.4
26.4
26.3
26.3
26.4
26.3
26.3
26.4
26.3
26.3
26.3
26.3
26.3
26.3
26.3
26.3
26.3
26.3
26.3
26.3
26.4
26.3
26.3
26.3
26.3
26.3
26.3
26.3
26.3
26.3
26.3
26.3
26.2
26.3
26.3
26.3
26.3
26.3
26.3
26.3
26.2
26.3
26.3
26.2
26.2
26.3
26.3
26.3
26.3
26.3
26.3
26.3
26.3
26.3
26.3
26.3
26.3
26.3
26.4
26.3
26.3
26.2
26.2
26.3
26.3
26.3
26.3
26.3
26.3
26.3
26.2
26.3
26.3
26.3
26.2
26.2
26.2
26.3
26.3
26.3
26.3
26.2
26.2
26.2
26.2
26.3
26.2
26.2
26.3
26.3
26.3
26.3
26.3
26.3
26.3
26.3
26.8
26.8
26.7
26.7
26.6
26.6
26.5
26.5
26.5
26.5
26.5
26.4
26.4
26.4
26.4
26.3
26.3
26.3
26.3
26.3
26.4
26.4
26.4
26.4
26.4
26.4
26.4
26.4
26.3
26.3
26.3
26.3
26.3
26.3
26.3
26.3
26.3
26.2
26.2
26.2
26.3
26.3
26.3
26.3
26.3
26.3
26.3
26.3
26.2
26.2
26.2
26.2
26.3
26.3
26.5
26.5
26.4
26.4
26.4
26.4
26.4
26.3
26.3
26.3
26.3
26.3
26.2
26.2
26.2
26.2
26.2
26.2
26.3
26.3
26.2
26.2
26.2
26.2
26.3
26.3
26.3
26.3
26.4
26.3
26.3
26.3
26.3
26.3
26.3
26.3
26.3
26.3
26.3
26.2
26.3
26.2
26.2
26.2
26.2
26.1
26.2
26.2
26.2
26.2
26.2
26.2
26.1
26.1
26.1
26.2
26.1
26.1
26.1
26.3
26.3
26.2
26.2
26.3
26.3
26.4
26.4
26.4
26.3
26.4
26.4
26.3
26.3
26.3
26.4
26.4
26.3
26.4
26.3
26.3
26.3
26.2
26.2
26.2
26.2
26.2
26.2
26.2
26.1
26.1
26.1
26.2
26.1
26.3
26.4
26.7
26.7
26.7
26.9
26.8
26.7
26.6
26.6
26.5
26.5
26.5
26.4
26.4
26.4
26.3
26.3
26.4
26.4
26.4
26.3
26.3
26.3
26.3
26.4
26.3
26.3
26.3
26.3
26.4
26.3
26.3
26.4
26.3
26.3
26.4
26.3
26.3
26.3
26.3
26.3
26.2
26.2
26.2
26.3
26.2
26.2
26.2
26.2
26.2
26.2
26.2
26.2
26.2
26.2
26.2
26.2
26.2
26.2
26.2
26.2
26.2
26.2
26.2
26.2
26.2
26.2
26.2
26.2
26.2
26.2
26.2
26.2
26.2
26.2
26.2
26.3
26.3
26.3
26.4
26.3
26.3
26.3
26.3
26.3
26.3
26.3
26.2
26.3
26.5
26.5
26.5
26.5
26.4
26.3
26.4
26.3
26.3
26.3
26.3
26.3
26.2
26.2
26.3
26.2
26.2
26.2
26.3
26.2
26.2
26.2
26.3
26.2
26.3
26.2
26.2
26.2
26.2
26.3
26.2
26.2
26.3
26.3
26.3
26.3
26.3
26.3
26.3
26.3
26.2
26.2
26.2
26.2
26.3
26.3
26.3
26.3
26.3
26.3
26.3
26.3
26.3
26.2
26.2
26.2
26.3
26.2
26.2
26.2
26.2
26.2
26.2
26.2
26.2
26.3
26.2
26.2
26.1
26.1
26.1
26.2
26.2
26.2
26.3
26.3
26.3
26.3
26.3
26.3
26.2
26.2
26.2
26.2
26.3
26.3
26.2
26.2
26.2
26.2
26.2
26.2
26.2
26.2
26.2
26.3
26.3
26.2
26.2
26.2
26.2
26.2
26.2
26.2
26.2
26.2
26.2
26.3
26.3
26.3
26.2
26.2
26.2
26.2
26.2
26.2
26.2
26.2
26.2
26.2
26.2
26.1
26.2
26.2
26.2
26.2
26.2
26.2
26.2
26.2
26.2
26.2
26.1
26.1
26.2
26.2
26.2
26.2
26.2
26.2
26.2
26.2
26.1
26.2
26.2
26.2
26.2
26.2
26.2
26.3
26.3
26.3
26.3
26.2
26.3
26.3
26.3
26.3
26.3
26.3
26.2
26.2
26.2
26.2
26.2
26.2
26.2
26.2
