26.7
27.2
27.7
28.1
28.4
28.7
29.0
29.2
29.4
29.6
29.7
29.9
30.0
30.1
30.2
30.3
30.3
30.4
30.4
30.5
30.6
30.7
30.7
30.7
30.7
30.7
30.7
30.7
30.8
30.8
30.8
30.8
30.8
30.8
30.8
30.8
30.9
30.8
30.9
30.9
31.3
31.5
31.5
31.5
31.4
31.3
31.3
31.2
31.2
31.1
31.1
31.0
31.1
31.0
31.1
31.0
31.0
31.0
30.9
30.9
30.9
30.9
30.9
30.9
30.9
30.9
30.9
30.9
30.9
30.9
30.9
30.9
30.9
31.0
31.1
31.4
31.3
31.2
31.1
31.1
31.1
31.1
31.1
31.1
31.1
31.0
31.0
31.0
31.0
31.0
31.0
31.0
31.0
31.0
31.0
30.9
30.9
30.9
30.9
30.9
30.9
30.9
30.8
30.9
30.9
30.9
30.8
30.8
30.9
30.9
30.9
30.9
30.9
30.9
30.9
30.9
30.9
30.9
30.8
30.8
30.8
30.8
30.8
30.9
30.8
30.9
30.9
30.9
30.9
30.9
30.9
30.9
30.9
30.9
30.8
30.9
30.8
30.8
30.8
30.9
30.9
30.9
30.9
30.9
30.9
30.9
30.9
30.9
30.8
30.8
30.9
31.0
31.0
30.9
30.9
30.9
31.0
31.0
31.1
31.0
31.0
31.0
31.0
31.0
30.9
30.9
30.9
30.9
30.9
30.9
31.1
31.1
31.1
31.0
31.1
31.0
31.0
30.9
30.9
30.9
30.9
30.9
30.9
30.9
30.9
30.9
30.9
30.9
30.9
30.9
30.8
30.8
30.8
30.8
30.9
30.9
30.8
30.8
30.9
30.8
30.8
30.9
30.9
30.9
30.9
30.9
30.9
31.0
30.9
30.9
30.9
30.9
30.8
30.8
30.8
30.8
30.7
30.8
30.8
30.8
30.8
30.8
30.8
30.9
30.9
30.9
30.9
30.8
30.8
30.8
30.8
30.9
30.9
31.0
31.0
31.1
31.0
31.1
31.1
31.0
31.0
31.0
30.9
31.0
31.0
31.0
31.1
31.1
31.2
31.1
31.1
31.0
31.0
31.0
31.0
31.0
30.9
30.9
30.9
30.9
30.9
30.9
30.9
31.0
30.9
30.9
30.9
30.9
30.8
30.9
30.8
30.8
30.8
30.7
30.8
30.9
30.9
31.0
31.0
31.0
30.9
31.0
31.0
31.0
31.0
30.9
31.0
30.9
30.9
30.9
31.0
30.9
30.9
30.9
30.9
30.9
30.9
31.0
31.0
31.0
31.0
30.9
30.9
30.9
30.9
30.9
30.9
30.9
30.9
30.9
30.9
30.9
30.9
30.8
30.9
30.9
30.9
30.9
30.9
30.9
30.8
30.9
30.8
30.8
30.8
30.8
30.8
30.7
30.8
30.8
30.7
30.7
30.8
30.8
30.8
30.8
30.8
30.8
30.8
30.8
30.8
30.9
30.8
30.9
30.8
30.8
30.8
30.8
30.8
30.9
30.9
30.9
31.0
30.9
30.9
30.9
30.9
30.9
30.9
30.9
30.9
30.9
30.9
30.9
30.9
30.8
30.8
30.8
30.9
30.9
30.8
30.8
30.8
31.2
31.2
31.1
31.1
31.1
31.1
31.1
31.1
31.1
31.0
31.0
31.0
30.9
30.9
30.9
30.9
31.0
31.2
31.1
31.1
31.1
31.0
31.0
31.0
31.0
31.0
31.0
31.0
31.0
30.9
30.9
30.9
31.0
30.9
31.0
31.1
31.1
31.1
31.1
31.1
31.1
31.1
31.1
31.1
31.1
31.0
31.0
31.0
31.0
30.9
30.9
30.8
30.8
30.8
30.8
30.9
30.9
30.9
30.9
30.9
30.8
30.8
30.9
30.9
30.9
31.0
31.0
30.9
31.0
31.0
30.9
30.9
30.9
30.8
30.9
30.9
30.8
30.8
30.8
30.9
30.9
30.9
30.9
30.8
30.8
30.8
30.8
30.9
30.9
30.9
30.9
30.8
30.9
30.9
30.9
