26.5
26.6
26.7
26.8
26.8
26.9
26.9
27.0
27.0
27.0
27.1
27.1
27.2
27.2
27.2
27.2
27.2
27.2
27.3
27.2
27.3
27.3
27.3
27.3
27.3
27.4
27.3
27.3
27.4
27.4
27.4
27.4
27.4
27.4
27.4
27.3
27.3
27.3
27.3
27.3
27.3
27.3
27.2
27.2
27.2
27.3
27.3
27.3
27.3
27.3
27.3
27.2
27.2
27.2
27.2
27.2
27.2
27.2
27.2
27.2
27.2
27.2
27.3
27.3
27.2
27.2
27.2
27.2
27.2
27.2
27.1
27.2
27.1
27.2
27.2
27.2
27.2
27.2
27.3
27.3
27.3
27.3
27.2
27.3
27.2
27.3
27.3
27.3
27.2
27.2
27.3
27.3
27.2
27.3
27.3
27.3
27.3
27.3
27.3
27.3
27.3
27.3
27.3
27.3
27.2
27.3
27.3
27.3
27.3
27.2
27.2
27.2
27.2
27.2
27.2
27.2
27.2
27.2
27.3
27.2
27.3
27.3
27.3
27.3
27.3
27.2
27.2
27.2
27.2
27.2
27.2
27.3
27.2
27.2
27.3
27.3
27.2
27.2
27.2
27.1
27.2
27.1
27.2
27.2
27.1
27.2
27.2
27.2
27.1
27.1
27.1
27.3
27.3
27.4
27.3
27.3
27.3
27.3
27.3
27.3
27.3
27.2
27.3
27.3
27.3
27.3
27.3
27.3
27.3
27.3
27.3
27.3
27.3
27.3
27.3
27.3
27.3
27.4
27.3
27.3
27.3
27.3
27.4
27.4
27.3
27.3
27.3
27.3
27.3
27.3
27.3
27.2
27.2
27.3
27.3
27.4
27.5
27.5
27.5
27.4
27.4
27.4
27.4
27.4
27.4
27.3
27.3
27.4
27.3
27.3
27.3
27.3
27.3
27.3
27.3
27.2
27.2
27.3
27.3
27.3
27.3
27.2
27.3
27.3
27.2
27.2
27.2
27.3
27.3
27.3
27.3
27.3
27.4
27.4
27.3
27.3
27.3
27.4
27.3
27.4
27.3
27.3
27.3
27.3
27.3
27.3
27.3
27.3
27.3
27.5
27.4
27.4
27.4
27.3
27.4
27.4
27.4
27.3
27.3
27.3
27.2
27.3
27.2
27.2
27.2
27.2
27.2
27.2
27.2
27.2
27.2
27.2
27.2
27.2
27.2
27.2
27.2
27.2
27.1
27.2
27.2
27.1
27.2
27.2
27.2
27.2
27.2
27.2
27.2
27.2
27.2
27.2
27.2
27.1
27.2
27.2
27.2
27.3
27.3
27.2
27.2
27.2
27.3
27.3
27.2
27.2
27.2
27.2
27.2
27.2
27.2
27.2
27.2
27.2
27.3
27.2
27.2
27.3
27.3
27.3
27.3
27.3
27.2
27.3
27.2
27.2
27.2
27.3
27.3
27.3
27.3
27.3
27.3
27.2
27.2
27.3
27.2
27.2
27.3
27.3
27.3
27.3
27.3
27.3
27.2
27.2
27.3
27.3
27.2
27.2
27.2
27.2
27.2
27.2
27.2
27.2
27.2
27.2
27.3
27.3
27.2
27.3
27.3
27.3
27.3
27.3
27.3
27.3
27.2
27.3
27.3
27.3
27.2
27.2
27.3
27.3
27.2
27.2
39.7
51.5
38.6
27.6
47.4
47.9
32.0
31.4
30.8
30.4
30.0
29.7
29.4
29.1
29.1
29.0
28.8
28.6
28.4
28.2
28.1
28.0
27.9
27.8
27.7
27.7
27.6
27.6
27.6
27.5
27.4
27.4
27.4
27.4
27.4
27.3
27.3
27.3
27.3
27.3
27.3
27.3
27.2
27.2
27.2
27.3
27.2
27.2
27.2
27.2
27.2
27.2
27.2
27.1
27.1
27.2
27.2
27.2
27.2
27.2
27.2
27.3
27.3
27.3
27.3
27.2
27.2
27.3
27.3
27.3
27.2
27.3
27.2
27.2
27.2
27.3
27.2
27.2
27.2
27.2
27.2
27.2
27.2
27.2
27.2
27.2
27.2
27.2
27.2
27.3
27.3
27.3
27.3
27.3
