27.9
28.5
28.9
29.2
29.0
29.3
29.4
29.7
29.9
29.6
29.8
29.9
30.1
30.2
29.9
30.0
30.2
30.3
30.4
30.2
30.2
30.3
30.4
30.4
30.1
30.3
30.5
30.6
30.5
30.2
30.3
30.5
30.5
30.6
30.4
30.4
30.6
30.9
30.8
30.5
30.7
30.7
30.7
30.6
30.5
30.6
30.7
30.8
30.6
30.4
30.6
30.6
30.7
30.8
30.5
30.5
30.6
30.7
30.9
30.5
30.6
30.7
30.7
30.9
30.5
30.5
30.6
30.8
30.9
30.5
30.5
30.5
30.6
30.7
30.4
30.5
30.6
30.5
30.6
30.2
30.3
30.4
30.5
30.6
30.3
30.3
30.4
30.4
30.4
30.1
30.3
30.3
30.7
30.8
30.5
30.8
30.9
37.2
36.8
36.8
36.2
35.6
28.4
28.6
28.9
29.3
29.4
29.2
29.5
29.7
29.9
30.1
29.8
30.0
30.2
30.3
30.5
30.2
30.2
30.4
30.4
30.5
30.1
30.2
30.3
30.4
30.5
30.3
30.4
30.5
30.6
30.8
30.4
30.5
30.6
30.6
30.7
30.3
30.4
30.5
30.6
30.7
30.3
30.3
30.5
30.5
30.6
30.4
30.4
30.5
30.6
30.7
30.6
30.5
30.6
30.5
30.6
30.5
30.2
30.3
30.4
30.6
30.6
30.4
30.5
30.6
30.6
30.7
30.3
30.4
30.4
30.6
30.6
30.3
30.3
30.4
30.5
30.5
30.1
30.3
30.5
30.4
30.6
30.2
30.3
30.5
30.6
30.7
30.3
30.5
30.4
30.6
30.7
30.3
30.7
30.8
30.8
30.8
30.5
30.5
30.6
30.7
30.8
30.7
30.4
30.4
30.5
30.6
30.5
30.4
30.5
30.6
30.7
30.6
30.4
30.5
30.6
30.6
30.6
30.3
30.5
30.5
30.5
30.5
30.2
30.4
30.6
30.7
30.6
30.3
30.4
30.5
30.5
30.5
30.2
30.3
30.4
30.5
30.7
30.2
30.3
30.5
30.6
30.6
30.3
30.5
30.4
30.6
30.7
30.3
30.4
30.6
30.6
30.7
30.4
30.6
30.7
30.8
31.0
30.8
30.6
30.7
30.7
30.8
30.7
30.4
30.5
30.5
30.7
30.6
30.4
30.4
30.4
30.4
30.3
30.2
30.3
30.3
30.5
30.2
30.3
30.3
30.5
30.4
30.1
30.2
30.3
30.4
30.4
30.1
30.3
30.4
30.5
30.5
30.1
30.2
30.3
30.4
