46.3
37.6
43.6
43.7
43.6
43.8
44.0
44.1
44.3
44.4
44.5
44.6
44.7
44.8
44.8
44.9
44.9
44.9
45.0
45.1
45.1
45.1
45.1
45.1
45.2
45.1
45.1
45.1
45.2
45.2
45.2
45.2
45.2
45.3
45.3
45.3
45.3
45.3
45.4
45.3
45.3
45.2
45.2
45.2
45.3
45.3
45.2
45.3
45.4
45.3
45.3
45.3
44.9
39.3
39.2
39.2
44.9
44.9
44.9
44.9
44.6
44.2
44.1
44.2
44.3
44.4
44.4
44.5
44.6
44.7
44.7
44.8
44.2
43.6
43.3
37.2
37.2
37.4
45.5
45.5
45.5
45.4
45.4
45.4
45.4
45.4
45.5
45.5
45.5
45.5
45.5
45.6
45.6
45.6
45.6
45.6
45.5
37.2
44.3
44.4
44.7
44.8
45.0
45.0
45.1
45.2
45.2
45.3
44.9
44.6
44.3
44.3
44.4
44.5
44.6
44.7
44.8
44.9
45.0
45.1
45.1
45.2
45.3
45.3
45.3
45.4
45.4
45.4
45.5
45.4
45.4
45.2
44.9
33.2
33.4
43.4
43.5
43.7
43.9
44.1
44.3
44.3
44.5
44.3
44.0
43.6
37.6
37.7
38.1
44.9
44.9
45.0
45.0
44.6
44.1
43.5
43.1
42.9
42.5
42.1
42.0
42.5
42.8
42.9
43.1
43.4
43.7
44.0
44.3
43.8
43.3
42.8
43.0
43.4
43.6
43.9
44.1
44.3
44.5
44.7
44.8
44.9
44.9
45.0
45.1
45.1
44.6
44.1
43.7
43.4
43.0
42.7
42.8
42.5
42.5
42.6
43.0
43.2
43.4
43.6
43.9
43.9
44.0
44.1
44.1
35.7
35.8
35.7
36.3
43.2
43.5
43.7
43.9
43.4
43.7
43.9
44.1
44.3
44.4
44.5
44.7
44.9
45.0
45.1
45.2
45.3
45.4
45.4
45.4
45.4
45.3
45.2
45.1
45.0
45.1
45.1
45.1
45.0
45.0
45.1
45.2
45.2
45.2
45.0
45.0
45.2
45.3
45.3
45.4
45.4
45.5
45.6
45.6
45.6
45.6
45.7
45.7
45.7
45.7
45.8
45.8
45.8
45.8
45.7
45.7
45.7
45.6
45.4
45.1
45.2
45.2
45.3
44.7
36.8
36.9
36.9
37.5
37.6
44.3
43.9
44.0
44.2
44.3
44.3
44.5
44.7
44.8
44.9
44.9
44.6
44.7
44.5
37.8
37.8
37.5
