26.0
26.2
26.4
26.5
26.5
26.5
26.5
26.5
26.5
26.5
26.5
26.5
26.5
26.4
26.5
26.5
26.5
26.5
26.4
26.4
26.4
26.5
26.5
26.5
26.5
26.5
26.6
26.8
26.7
26.6
26.6
26.8
26.8
26.7
26.6
26.6
26.6
26.6
26.6
26.6
26.6
26.5
26.6
26.5
26.5
26.5
26.4
26.4
26.5
26.4
26.5
26.4
26.5
26.5
26.5
26.5
26.5
26.5
26.4
26.4
26.4
26.4
26.3
26.3
26.3
26.3
26.3
26.7
26.8
26.8
26.8
26.7
26.7
26.7
27.1
27.0
26.8
26.8
26.7
26.6
26.6
26.5
26.5
26.5
26.5
26.5
26.8
26.8
26.8
26.7
26.7
26.7
26.6
26.6
26.5
26.5
26.5
26.5
26.5
26.5
26.5
26.5
26.4
26.5
26.4
26.4
26.4
26.4
26.4
26.6
26.6
26.6
26.6
26.6
26.6
26.5
26.5
26.4
26.4
26.4
26.4
26.4
26.3
26.3
26.3
26.3
26.4
26.4
26.4
26.3
26.4
26.4
26.4
26.3
26.4
26.4
26.4
26.4
26.4
26.4
26.4
26.4
26.3
26.3
26.3
26.3
26.3
26.3
26.3
26.2
26.2
26.2
26.2
26.2
26.2
26.2
26.3
26.3
26.3
26.3
26.3
26.3
26.3
26.2
26.3
26.2
26.2
26.2
26.2
26.2
26.2
26.2
26.2
26.2
26.2
26.2
26.2
26.2
26.2
26.2
26.2
26.2
26.3
26.3
26.3
32.2
26.8
26.7
26.6
26.5
26.5
26.5
26.5
26.5
26.5
26.4
26.4
26.3
26.3
26.3
26.3
26.3
26.3
26.4
26.4
26.4
26.4
26.4
26.3
26.3
26.3
26.3
26.3
26.3
26.3
26.4
26.3
26.4
26.3
26.3
26.3
26.3
26.3
26.3
26.3
32.2
26.2
26.2
26.3
26.4
26.8
33.2
26.0
26.0
26.1
26.1
26.3
26.3
26.4
26.3
26.3
26.3
26.3
26.3
26.2
26.2
26.3
26.2
26.3
26.2
26.3
32.6
50.5
43.2
26.4
26.5
26.4
26.4
26.4
26.3
26.3
26.4
26.5
26.5
26.5
26.4
26.5
26.4
26.4
26.4
26.4
26.3
26.3
26.3
26.3
26.3
26.3
26.3
26.3
26.3
26.7
26.6
26.6
26.5
26.5
26.5
26.4
26.4
26.4
26.4
26.4
26.4
26.3
26.3
26.3
26.2
26.2
26.2
26.2
26.2
26.2
26.2
26.2
26.2
26.1
26.1
26.2
26.2
26.1
26.2
26.2
26.2
26.2
26.2
26.2
26.2
26.2
26.2
26.2
26.2
26.2
26.2
26.2
26.2
26.2
26.2
26.3
26.2
26.2
26.2
26.2
26.2
26.2
26.2
26.2
26.1
26.1
26.2
26.2
26.2
26.2
26.2
26.2
26.2
26.2
26.2
26.2
26.2
26.2
26.2
26.3
26.3
26.3
26.2
26.3
26.2
26.2
26.3
26.3
26.7
26.6
26.6
26.5
26.5
26.5
26.4
26.4
26.4
26.5
26.7
26.6
26.9
26.8
26.8
26.8
26.8
26.7
26.7
26.6
26.6
26.5
26.5
26.5
26.5
26.4
26.5
26.5
26.5
26.5
26.4
26.4
26.4
26.4
26.4
26.3
26.3
26.3
26.4
26.4
26.3
26.3
26.3
26.3
26.3
26.3
26.2
26.2
26.3
26.2
26.3
26.3
26.3
26.3
26.2
26.2
26.2
26.2
26.3
26.3
26.3
26.3
26.2
26.3
26.3
26.3
26.2
26.3
26.3
26.3
26.3
26.3
26.3
26.3
26.3
26.3
26.3
26.3
26.3
26.3
26.3
26.3
26.3
26.3
26.3
26.3
26.3
26.4
26.3
26.3
26.4
26.3
26.3
26.3
26.3
26.3
26.7
26.6
26.5
26.5
26.5
26.5
26.4
26.4
26.4
26.4
26.3
26.4
26.3
26.3
26.3
26.3
26.4
26.4
26.3
26.3
26.3
26.3
26.3
26.3
26.3
26.3
26.3
26.3
26.2
26.2
26.2
26.2
26.2
26.3
26.2
26.2
26.2
26.2
26.2
26.2
26.3
26.3
26.3
26.2
26.2
26.2
26.2
26.2
26.3
26.3
26.2
26.3
26.3
26.3
26.3
26.2
26.2
26.2
26.2
26.2
26.2
26.2
26.2
26.2
26.2
26.3
26.2
26.3
26.3
26.3
26.3
26.3
26.2
26.3
26.3
26.3
26.3
26.3
26.2
26.2
26.2
26.2
26.2
26.2
26.2
26.2
26.2
26.2
26.2
26.2
26.2
26.2
26.2
26.2
26.2
26.2
26.2
26.2
26.2
26.2
26.2
26.2
26.2
26.2
26.1
26.1
26.2
26.1
26.2
26.1
26.1
26.2
26.2
26.2
26.1
26.2
26.2
26.2
26.2
26.2
26.2
26.2
26.2
26.3
26.3
26.3
26.3
26.3
26.3
26.3
26.3
26.2
26.3
26.2
26.3
26.3
26.2
26.3
26.3
26.3
26.3
26.2
26.2
26.2
26.2
26.2
26.2
26.2
26.2
26.2
26.2
26.2
26.2
26.2
26.2
26.2
26.2
26.2
26.2
26.2
26.2
26.2
26.2
26.2
26.2
26.3
26.3
26.3
26.2
26.2
26.2
26.3
26.3
26.3
26.3
26.2
26.2
26.2
26.2
26.2
26.2
26.2
26.2
26.3
26.3
26.2
26.3
26.3
26.2
26.2
26.2
26.2
26.2
26.3
26.3
26.2
26.2
26.2
26.2
26.2
26.2
26.2
26.2
26.2
26.2
26.2
26.2
26.2
26.2
26.2
26.2
26.1
26.1
26.3
26.4
26.4
26.6
26.6
26.5
26.5
26.5
26.6
26.5
26.5
26.5
26.4
26.4
26.4
26.4
26.3
26.3
26.3
26.3
26.3
26.3
26.3
26.3
26.3
26.3
26.3
26.3
26.2
26.2
26.2
26.2
26.3
26.3
26.2
26.2
26.2
26.2
26.2
26.2
26.2
26.2
26.2
26.2
26.2
26.2
26.3
26.2
26.2
26.3
26.2
26.3
26.2
26.2
26.2
26.3
26.2
26.2
26.2
26.2
26.3
26.2
26.2
26.2
26.3
26.3
26.2
26.3
26.2
26.2
26.2
26.2
26.2
26.2
26.2
26.2
26.3
26.2
26.2
26.2
26.2
26.2
26.2
26.2
26.1
26.1
26.2
26.2
26.2
26.1
26.2
26.1
26.1
26.2
26.2
26.1
26.2
26.2
26.2
26.2
26.2
26.2
26.2
26.2
26.2
26.2
26.2
26.2
26.2
26.8
26.7
26.6
26.6
26.6
26.5
26.5
26.4
26.3
26.3
26.3
26.3
26.3
26.3
26.3
26.3
26.3
26.3
26.2
26.2
26.2
26.3
26.3
26.3
26.3
26.3
26.2
26.2
26.2
26.2
26.2
26.2
26.2
26.2
26.1
26.3
26.6
26.6
26.6
26.4
26.4
26.4
26.4
26.4
26.3
26.3
26.3
26.3
26.3
26.3
26.3
26.3
26.2
26.3
26.3
26.2
26.2
26.3
26.3
26.2
26.3
26.2
26.2
26.2
26.3
26.2
26.2
26.2
26.2
26.2
