36.4
29.1
29.0
29.1
29.2
29.3
29.4
29.2
29.2
29.3
29.5
29.5
29.2
29.2
29.3
29.4
29.5
29.5
29.3
29.3
29.4
29.4
29.5
29.3
29.4
29.7
29.8
29.8
29.5
29.6
29.9
29.9
29.9
29.6
29.6
29.7
29.8
29.8
29.5
29.5
29.6
29.6
29.6
29.2
29.2
29.3
29.4
29.5
29.2
29.3
29.4
29.5
29.5
29.3
29.4
29.4
29.5
29.6
29.2
29.3
29.5
29.5
29.5
29.2
29.3
29.3
29.3
29.5
29.2
29.2
29.3
29.4
29.4
29.3
29.1
29.3
29.4
29.4
29.5
29.2
29.2
29.3
29.4
29.5
29.1
29.2
29.3
29.5
29.6
29.4
29.3
29.4
29.5
29.5
29.4
29.2
29.3
29.4
29.5
29.6
29.2
29.3
29.4
29.5
29.6
29.3
29.3
29.7
29.7
29.8
29.4
29.5
29.5
29.7
29.6
29.3
29.3
29.3
29.5
29.5
29.3
29.3
29.4
29.4
29.5
29.2
29.2
29.3
29.4
29.5
29.4
29.2
29.2
29.3
29.3
29.4
29.1
29.1
29.2
29.2
29.4
29.0
29.1
29.2
29.2
29.4
29.1
29.1
29.3
29.3
29.5
29.6
29.3
29.4
29.5
29.4
29.5
29.2
29.1
29.2
29.2
29.3
29.0
28.9
29.0
29.2
29.3
29.0
29.0
29.1
29.2
29.2
28.9
29.0
29.1
29.2
29.3
29.2
29.1
29.2
29.2
29.3
29.4
29.1
29.2
29.2
29.3
29.4
29.1
29.1
29.2
29.3
29.3
29.0
29.1
29.2
29.3
29.4
29.3
29.2
29.1
29.2
29.3
29.1
29.0
29.1
29.2
29.3
29.1
28.9
29.0
29.1
29.2
29.2
29.1
29.2
29.3
29.3
29.2
34.7
34.1
33.6
33.1
32.6
27.4
27.7
28.0
28.3
35.1
34.5
33.9
33.6
33.2
33.0
32.4
32.0
31.6
31.4
31.2
31.1
30.9
30.8
30.6
30.5
30.4
30.1
30.0
29.9
29.9
29.9
29.7
29.6
29.6
29.6
29.5
29.5
29.2
29.3
29.4
29.5
29.5
29.2
29.2
29.3
29.4
29.5
29.4
29.2
29.3
29.4
29.5
29.6
29.4
29.5
29.5
29.5
29.6
29.5
29.4
29.5
29.4
29.5
29.5
29.5
29.6
29.5
29.5
29.5
29.2
29.2
29.3
29.3
29.4
29.1
29.2
29.3
29.4
29.4
29.3
29.1
29.1
29.2
29.3
29.3
29.0
29.2
29.2
29.4
29.3
29.1
29.1
29.2
29.3
29.3
29.0
29.2
29.3
29.4
29.5
29.2
29.2
29.3
29.4
29.4
29.5
29.2
29.3
35.3
34.8
34.3
26.6
26.9
27.3
27.6
28.0
27.8
28.0
28.2
28.4
28.5
28.5
28.5
28.7
28.9
29.0
28.8
28.7
28.9
29.0
29.1
29.3
28.9
29.1
29.1
29.1
29.3
29.0
29.1
29.2
29.1
29.3
29.0
29.1
29.2
29.3
29.4
29.4
29.3
29.4
29.4
29.5
37.0
29.3
29.4
29.5
29.5
29.5
29.3
29.2
29.3
29.4
29.5
29.5
29.2
29.2
29.3
29.4
29.5
29.1
29.2
29.3
29.4
29.4
29.3
29.1
29.3
29.3
29.4
29.5
29.2
29.2
29.4
29.4
29.5
29.3
29.3
29.5
29.6
29.7
29.5
29.3
29.4
29.4
29.5
29.5
29.2
29.3
29.4
29.4
29.6
29.3
29.4
29.5
29.5
29.5
29.2
29.1
29.2
29.4
29.4
29.1
29.2
29.2
29.3
29.4
29.3
29.1
29.2
29.4
29.5
29.5
29.2
29.3
29.4
29.4
29.5
29.1
29.1
29.2
29.3
29.4
29.0
29.1
29.2
29.2
29.3
29.2
29.0
29.1
29.2
29.3
29.3
29.0
29.1
29.3
29.4
29.5
29.2
29.1
29.2
29.3
29.4
29.1
29.1
29.2
29.3
29.4
29.3
29.1
29.3
29.3
29.4
29.5
29.2
29.1
29.2
29.3
29.4
29.1
29.2
29.2
29.3
29.5
29.3
29.2
29.3
29.4
29.4
29.1
29.2
29.2
29.3
29.4
29.1
29.2
29.2
29.3
29.4
29.3
29.1
29.1
29.2
29.4
29.5
29.2
29.2
29.3
29.4
29.4
29.2
29.1
29.2
29.3
29.4
29.2
29.1
29.2
29.2
29.3
29.4
29.0
29.1
29.2
29.3
29.4
29.2
29.2
29.2
29.3
29.3
29.1
29.1
29.1
29.2
29.3
29.5
29.1
29.2
29.2
29.3
29.4
29.0
29.1
29.2
29.2
29.2
29.2
29.0
29.1
29.2
29.2
29.3
29.0
29.1
29.2
29.3
29.4
29.0
29.1
29.2
29.2
29.3
28.9
28.9
29.1
29.2
29.3
29.0
29.0
29.1
29.3
29.4
29.2
29.1
29.2
29.3
29.4
29.5
29.1
29.2
29.3
29.3
29.4
29.1
29.2
29.2
29.3
29.3
29.0
29.1
29.3
29.2
29.4
29.0
29.1
29.2
29.3
29.4
29.1
29.2
29.3
29.4
29.5
29.2
29.2
29.4
29.4
29.4
29.5
29.2
29.3
29.4
29.5
29.5
29.2
29.2
29.3
29.4
29.5
29.4
29.1
29.2
29.3
29.3
29.4
29.1
29.2
29.3
29.3
29.4
29.0
29.2
29.2
29.3
29.4
29.1
29.2
29.2
29.4
29.4
29.3
29.2
29.2
29.4
29.4
29.4
29.1
29.3
29.3
29.3
29.4
29.1
29.1
29.2
29.2
29.4
29.2
29.1
29.2
29.3
29.4
29.2
29.1
29.2
29.3
29.4
29.4
29.1
29.2
29.3
29.4
29.5
29.2
29.2
29.2
29.3
29.4
29.3
29.1
29.2
29.2
29.3
29.3
29.0
29.1
29.2
29.3
29.4
29.0
29.1
29.2
29.3
29.3
29.2
29.0
29.1
29.2
29.3
29.4
29.0
29.1
29.2
29.3
29.4
29.1
29.1
29.2
29.2
29.2
29.0
29.0
29.1
29.2
29.2
28.9
28.9
29.0
29.1
29.2
29.2
28.8
28.9
29.0
29.1
29.2
28.9
29.0
29.2
29.3
29.3
29.0
29.0
29.1
29.2
29.3
29.2
29.1
29.2
29.3
29.4
29.3
29.0
29.1
29.2
29.3
29.4
29.1
29.1
29.2
29.3
29.3
29.1
29.1
29.2
29.3
29.4
29.3
29.1
29.1
29.3
29.4
29.4
29.1
29.2
29.3
29.4
29.4
29.1
29.2
29.2
29.4
29.5
29.5
29.2
29.3
29.3
29.4
29.5
29.1
29.2
29.2
29.3
29.4
29.1
29.1
29.2
29.3
29.4
29.3
29.1
29.2
29.3
29.4
29.5
29.1
29.2
29.2
29.3
29.4
29.3
29.1
29.2
29.4
29.4
29.4
29.1
29.2
29.3
29.3
29.3
29.2
29.0
29.2
29.2
29.3
29.5
29.1
29.2
29.3
29.4
29.4
29.1
29.1
29.3
29.3
29.4
29.4
29.2
29.2
29.2
29.3
29.4
29.1
29.1
29.2
29.3
29.4
29.1
29.2
29.2
29.4
29.4
29.2
29.0
29.2
