42.6
43.1
43.7
44.1
44.3
44.5
44.9
45.2
45.5
45.5
45.8
46.2
46.4
46.6
46.4
46.7
46.9
47.0
47.1
47.0
47.0
47.1
47.1
47.2
47.3
47.1
47.2
47.3
47.4
47.5
47.2
47.3
47.4
47.5
47.6
47.6
47.5
47.5
47.6
47.6
47.7
47.4
47.5
47.5
47.6
47.6
47.5
47.5
47.6
47.7
47.8
47.8
47.6
47.7
47.7
47.7
47.8
47.6
47.6
47.7
47.7
47.8
47.7
47.6
47.5
47.6
47.8
47.8
47.6
47.7
47.8
47.9
47.9
47.7
47.7
47.8
47.8
47.8
47.6
47.6
47.7
47.8
47.8
47.8
47.6
47.7
47.8
47.9
48.0
47.6
47.7
47.7
47.9
47.9
47.7
47.5
47.6
47.6
47.8
47.9
47.7
47.8
47.9
47.9
47.9
47.7
47.8
47.8
47.9
48.0
47.9
47.5
47.6
47.6
47.8
47.9
47.7
47.8
47.8
48.0
48.0
47.8
47.8
47.9
48.0
48.0
47.9
47.7
47.9
47.6
47.6
47.7
47.5
47.6
47.7
47.8
47.9
47.7
47.8
47.8
47.9
48.0
48.0
47.7
47.8
47.9
48.0
48.1
47.8
47.9
47.9
48.1
48.0
47.8
47.7
47.8
47.9
48.0
48.1
47.9
48.0
48.1
48.2
48.3
47.8
47.8
48.0
48.1
48.2
48.1
48.0
48.1
48.1
48.1
48.1
47.9
48.0
48.1
48.1
48.2
48.0
47.9
48.0
48.1
48.2
48.1
48.0
48.1
48.1
48.1
48.1
48.0
48.1
48.2
48.2
48.3
48.0
48.1
48.2
48.3
48.4
48.3
48.1
48.2
48.0
48.0
47.9
47.7
47.7
47.7
47.7
47.8
47.7
47.7
47.9
47.8
48.0
48.0
47.8
48.0
48.0
47.8
48.0
47.7
47.9
48.1
48.3
48.4
48.2
48.2
48.3
48.3
48.4
48.4
48.2
48.3
48.3
48.5
48.5
48.2
48.2
48.2
48.4
48.4
48.1
48.2
48.2
48.3
48.3
48.2
48.2
48.2
48.3
48.4
48.4
48.1
48.3
48.2
48.2
48.3
48.1
48.1
48.2
48.2
48.3
48.2
48.1
48.2
48.2
48.3
48.3
48.1
48.2
48.3
48.4
48.4
48.2
48.2
48.3
48.4
48.4
48.3
48.2
48.3
48.4
48.4
48.5
48.3
48.5
48.5
48.6
48.6
48.3
48.3
48.4
48.4
48.4
48.3
48.3
48.1
48.1
48.3
48.3
48.1
48.3
48.3
48.4
48.5
48.2
48.3
48.3
48.1
48.2
48.2
48.1
48.2
48.3
48.4
48.1
47.9
48.2
48.2
48.3
48.2
47.9
48.0
48.0
48.1
48.2
48.1
48.1
48.0
48.1
48.2
48.3
48.1
48.2
48.3
48.4
48.5
48.3
48.3
48.3
48.4
48.5
48.4
48.3
48.4
48.4
48.5
48.6
48.3
48.5
48.5
48.6
48.5
48.4
48.3
48.3
48.4
48.4
48.4
48.1
48.2
48.3
48.3
48.3
48.1
48.2
48.3
48.4
48.4
48.3
48.2
48.3
48.1
48.1
48.1
47.9
48.1
48.2
48.3
48.3
48.2
48.4
48.5
48.6
48.6
48.5
48.5
48.5
48.6
48.7
48.8
48.5
48.5
48.6
48.6
48.5
48.3
48.3
48.3
48.3
48.3
48.3
48.2
48.3
48.4
48.5
48.6
48.3
48.3
48.4
48.4
48.3
48.2
48.3
48.4
48.5
48.5
48.5
48.4
48.4
48.4
48.5
48.6
48.4
48.4
48.5
48.6
48.5
48.3
48.4
48.5
48.6
48.6
48.5
48.4
48.5
48.6
48.6
48.6
48.5
48.6
48.6
48.4
48.7
48.3
48.4
48.4
48.5
48.4
48.4
48.3
48.4
48.5
48.6
48.5
48.3
48.4
48.5
48.6
48.6
48.4
48.4
48.5
48.6
48.7
48.5
48.3
48.4
48.5
48.6
48.6
