36.1
28.8
29.3
29.2
29.1
29.2
29.3
29.4
29.3
29.2
29.3
29.4
29.4
29.2
29.3
29.4
29.5
29.5
29.4
29.3
29.4
29.6
29.7
30.1
29.7
29.8
29.8
29.9
29.9
29.8
29.8
29.8
29.9
29.9
29.5
29.6
29.6
29.7
29.7
29.5
29.4
29.5
29.6
29.7
29.6
29.5
29.5
29.6
29.7
29.7
29.4
29.4
29.6
29.6
29.8
29.4
29.5
29.6
29.7
29.7
29.4
29.4
29.4
29.3
29.3
29.1
29.1
29.2
29.2
29.2
29.0
28.9
29.0
29.1
29.3
29.2
29.0
29.2
29.3
29.4
29.4
29.2
29.3
29.4
29.5
29.6
29.2
29.3
29.4
29.5
29.6
29.3
29.4
29.4
29.6
29.6
29.3
29.3
29.5
29.5
29.5
29.5
29.2
29.3
29.4
29.7
29.7
29.4
29.5
29.5
29.6
29.8
29.4
29.5
29.5
29.6
29.7
29.5
29.5
29.6
29.7
29.7
29.7
29.4
29.5
29.5
29.5
29.6
29.2
29.3
29.4
29.5
29.6
29.3
29.3
29.4
29.5
29.5
29.2
29.3
29.3
29.5
29.6
29.4
29.4
29.5
29.6
29.6
29.7
29.3
29.5
29.6
29.6
29.6
29.3
29.3
29.4
29.4
29.4
29.2
29.2
29.2
29.3
29.4
29.3
29.1
29.2
29.3
29.4
29.5
29.2
29.2
29.3
29.4
29.5
29.4
29.3
29.4
29.5
29.5
29.2
29.2
29.3
29.4
29.5
29.3
29.2
29.4
29.4
29.5
29.4
29.2
29.3
29.3
29.4
29.5
29.1
29.2
29.3
29.3
29.4
29.2
29.2
29.3
29.3
29.4
29.3
29.2
29.3
29.4
29.5
29.6
29.2
29.3
29.4
29.5
29.6
29.2
35.7
29.9
29.9
29.9
29.5
29.5
29.6
29.7
29.7
30.1
29.8
29.8
30.0
30.0
30.2
29.8
29.8
29.8
29.8
29.9
30.1
30.1
30.0
30.0
30.0
29.9
29.4
29.3
29.4
29.5
29.5
29.2
29.2
29.2
29.3
29.4
29.4
29.1
29.2
29.4
29.4
29.4
29.1
29.2
29.2
29.2
29.2
29.0
29.1
29.3
29.4
29.5
29.5
29.4
29.4
29.5
29.6
29.7
29.3
29.3
29.4
29.4
29.6
29.3
34.7
34.1
33.6
33.1
27.8
27.9
28.1
28.3
28.5
28.6
28.5
28.6
28.8
28.9
29.0
28.6
28.8
28.9
29.0
29.3
29.1
29.0
29.2
29.2
29.3
29.4
29.0
29.3
29.2
29.3
29.3
29.0
29.1
29.2
29.3
29.4
29.2
29.0
29.1
29.2
29.3
29.3
29.0
29.1
34.3
33.9
33.4
26.4
26.7
27.1
27.6
27.9
27.9
28.0
28.3
28.5
28.7
28.7
28.5
28.6
28.8
28.9
29.0
28.7
28.9
29.0
29.1
29.3
29.0
29.1
29.2
29.2
29.2
29.0
28.9
29.1
29.1
29.3
29.3
29.0
29.1
29.3
29.4
29.4
29.1
29.2
29.3
29.3
29.4
29.1
29.2
29.2
29.3
29.5
29.3
29.3
29.3
29.4
29.4
29.3
29.1
29.2
29.3
29.3
29.3
29.1
29.1
29.2
29.3
29.4
29.1
29.1
29.3
29.4
29.5
29.3
29.2
29.3
29.4
29.5
29.6
29.2
29.3
29.4
29.5
29.5
29.2
29.2
29.3
29.4
29.5
29.1
29.2
29.4
29.4
29.5
29.4
29.1
29.3
29.3
29.4
29.4
29.1
29.1
29.2
29.3
29.3
29.0
29.1
29.2
29.3
29.3
29.0
29.1
29.2
29.4
29.4
29.4
29.1
29.2
29.3
29.4
29.4
29.1
29.2
29.3
29.4
29.5
29.3
29.2
29.2
29.3
29.3
29.3
29.1
29.2
29.4
29.5
29.5
29.2
29.2
29.2
29.3
29.3
29.0
29.0
29.2
29.2
29.3
29.3
29.1
29.1
29.2
29.3
29.3
29.1
29.2
29.2
29.3
29.4
29.3
29.1
29.1
29.2
29.3
29.4
29.2
29.0
29.1
29.2
29.3
29.1
29.0
29.2
29.3
29.4
29.5
29.1
29.2
29.3
29.4
29.4
29.0
29.1
29.1
29.2
29.3
29.0
29.1
29.2
29.3
29.4
29.1
29.1
29.2
29.3
29.3
29.4
29.2
29.3
29.4
29.5
29.6
29.3
29.3
29.5
29.5
29.6
29.6
29.3
29.3
29.4
29.5
29.5
29.2
29.3
29.4
29.5
29.5
29.2
29.3
29.4
29.5
29.6
29.5
29.2
29.3
29.4
29.5
29.6
29.2
29.3
29.4
29.5
29.6
29.4
29.3
29.4
29.5
29.6
29.6
29.3
29.3
29.3
29.3
29.4
29.0
29.1
29.2
29.3
29.4
29.1
29.1
29.2
29.3
29.4
29.0
29.2
29.3
29.3
29.4
29.1
29.2
29.3
29.3
29.4
29.2
29.1
29.1
29.2
29.3
29.3
29.1
29.2
29.2
29.3
29.4
29.1
29.2
29.2
29.4
29.4
29.0
29.1
29.2
29.3
29.4
29.3
29.1
29.2
29.3
29.4
29.5
29.2
29.2
29.3
29.3
29.4
29.0
29.1
29.1
29.2
29.4
29.0
29.1
29.2
29.3
29.4
29.2
29.1
29.1
29.2
29.3
29.1
29.1
29.2
29.2
29.3
29.2
28.9
29.0
28.9
29.0
29.2
29.0
29.1
29.2
29.3
29.4
29.1
29.2
29.3
29.4
29.5
29.3
29.2
29.3
29.4
29.4
29.5
29.1
29.2
29.3
29.4
29.4
29.1
29.2
29.2
29.3
29.4
29.2
29.1
29.2
29.2
29.3
29.1
29.0
29.0
29.1
29.2
29.1
29.0
29.1
29.2
29.4
29.3
29.0
29.1
29.1
29.2
29.2
29.0
29.1
29.2
29.4
29.5
29.1
29.3
29.4
29.5
29.6
29.3
29.2
29.3
29.3
29.5
29.4
29.2
29.3
29.3
29.4
29.5
29.1
29.1
29.3
29.3
29.4
29.1
29.1
29.2
29.3
29.4
29.1
29.2
29.3
29.4
29.4
29.2
29.1
29.3
29.3
29.3
29.3
29.1
29.2
29.3
29.4
29.6
29.2
29.3
29.3
29.4
29.5
29.2
29.2
29.2
29.2
29.3
29.2
29.2
29.2
29.3
29.4
29.3
29.1
29.2
29.2
29.3
29.3
29.0
29.0
29.1
29.2
29.3
29.1
29.1
29.2
29.3
29.5
29.4
29.1
29.3
29.4
29.4
29.5
29.1
29.2
29.3
29.3
29.4
29.1
29.1
29.2
29.4
29.4
29.2
29.1
29.3
29.3
29.4
29.3
29.1
29.2
29.3
29.4
29.4
29.1
29.2
29.3
29.4
29.5
29.2
29.2
29.4
29.4
29.5
29.1
29.2
29.3
29.4
29.3
29.2
29.1
29.2
29.4
29.4
29.5
29.1
29.3
29.4
29.5
29.4
29.1
29.1
29.3
29.3
29.5
29.3
29.2
29.3
29.5
29.5
29.5
29.2
29.2
29.3
29.3
29.3
29.0
29.1
29.2
29.3
29.4
29.2
29.1
29.2
29.2
29.2
29.2
29.0
29.1
