25.8
26.1
26.1
26.2
26.3
26.4
26.5
26.5
26.6
26.6
26.5
26.5
26.6
26.7
26.6
26.6
26.7
26.6
26.6
26.6
26.6
26.6
26.6
26.6
26.6
26.6
26.6
26.6
26.7
26.7
26.7
26.9
26.9
26.9
26.8
26.7
26.8
26.7
26.7
26.7
26.6
26.6
26.6
26.6
26.6
26.5
26.5
26.5
26.5
26.5
26.5
26.5
26.5
26.5
26.5
26.5
26.7
26.6
26.6
26.6
26.6
26.6
26.5
26.5
26.5
26.5
26.5
26.5
26.5
26.5
26.5
26.5
26.5
26.5
26.5
26.5
26.5
26.5
26.8
26.8
26.8
26.8
26.7
26.7
26.7
26.7
26.6
26.6
26.5
26.5
26.6
26.6
26.7
26.6
26.6
26.6
26.5
26.5
26.5
26.5
26.5
26.5
26.4
26.4
26.4
26.4
26.4
26.4
26.4
26.5
26.4
26.5
26.5
26.7
26.6
26.6
26.7
26.7
26.6
26.7
26.7
26.6
26.7
26.7
26.6
26.6
26.9
26.8
26.7
26.7
26.7
26.7
26.6
26.6
26.6
26.5
26.6
26.5
26.5
26.5
26.5
26.6
26.5
26.5
26.5
26.5
26.4
26.5
26.5
26.5
26.5
26.5
26.5
26.5
26.5
26.4
26.4
26.5
26.5
26.6
26.8
27.0
27.0
27.1
27.3
27.4
27.2
27.1
27.0
27.0
26.9
26.8
26.7
26.7
26.7
26.7
26.6
26.6
26.6
26.6
26.6
26.5
26.5
26.5
26.4
26.5
26.5
26.4
26.5
27.0
27.2
27.1
27.0
26.9
26.8
26.8
26.7
26.7
26.7
26.6
26.6
26.6
26.5
26.5
26.5
26.5
26.5
26.4
26.5
26.4
26.5
26.5
26.4
26.4
26.4
26.3
26.4
26.4
26.4
26.4
26.4
26.4
26.4
26.4
26.3
26.4
26.4
26.5
26.4
26.5
32.0
26.6
26.5
26.6
26.6
33.4
33.2
26.4
26.3
26.3
26.3
26.4
26.4
26.4
26.3
26.4
26.4
26.4
26.3
26.3
26.3
26.5
26.5
26.5
26.5
26.4
26.4
26.5
26.5
26.4
26.5
26.4
26.4
26.4
26.4
26.4
26.4
26.4
26.4
26.4
26.5
26.4
26.4
26.4
26.4
26.4
26.4
26.4
26.3
26.4
26.3
26.3
26.3
26.3
26.3
32.0
26.4
26.3
26.3
26.3
26.3
26.3
26.3
26.3
26.3
26.3
26.3
26.4
26.3
26.4
26.3
26.3
26.4
26.3
26.4
26.3
26.3
26.3
26.3
26.3
26.3
26.3
26.3
26.3
26.3
26.3
26.3
26.3
26.3
26.3
26.3
26.3
26.2
26.2
26.3
26.3
26.2
26.3
26.2
26.4
26.4
26.4
26.4
26.3
26.4
26.3
26.3
26.3
26.3
26.3
26.3
26.3
26.3
26.3
26.3
26.3
26.3
26.3
26.3
26.3
26.3
26.3
26.3
26.3
26.2
26.3
26.3
26.3
26.2
26.3
26.2
26.3
26.3
26.3
26.3
26.3
26.3
26.3
26.4
26.3
26.3
26.3
26.3
26.4
26.4
26.4
26.3
26.3
26.4
26.4
26.4
26.4
26.4
26.4
26.4
26.3
26.3
26.3
26.3
26.3
26.3
26.3
26.3
26.3
26.3
26.3
26.2
26.2
26.2
26.2
26.3
26.3
26.3
26.3
26.4
26.4
26.3
26.3
26.3
26.4
26.3
26.3
26.3
26.3
26.4
26.4
26.4
26.3
26.3
26.3
26.3
26.3
26.3
26.3
26.2
26.2
26.3
26.3
26.2
26.2
26.3
26.3
26.3
26.3
26.3
26.3
26.3
26.3
26.3
26.2
26.3
26.3
26.3
26.2
26.2
26.3
26.3
26.3
26.3
26.2
26.3
26.3
26.3
26.3
26.3
26.3
26.3
26.3
26.3
26.4
26.5
26.5
26.5
26.4
26.4
26.4
26.4
26.3
26.3
26.3
26.3
26.3
26.3
26.3
26.3
26.3
26.4
26.3
26.4
26.4
26.3
26.3
26.3
26.3
26.3
26.3
26.3
26.2
26.3
26.3
26.3
26.3
26.3
26.3
26.3
26.3
26.3
26.4
26.3
26.3
26.4
26.3
26.4
26.4
26.4
26.4
26.3
26.3
26.3
26.3
26.4
26.3
26.4
26.3
26.3
26.3
26.3
26.3
26.3
26.3
26.4
26.4
26.3
26.3
26.4
26.4
26.4
26.3
26.3
26.3
26.3
26.3
26.3
26.3
26.3
26.3
26.3
26.2
26.2
26.2
26.3
26.2
26.2
26.2
26.3
26.3
26.3
26.2
26.2
26.3
26.3
26.3
26.3
26.3
26.3
26.2
26.2
26.2
26.2
26.3
26.3
26.3
26.3
26.3
26.3
26.3
26.3
26.2
26.3
26.3
26.3
26.4
26.3
26.3
26.3
26.3
26.3
26.3
26.3
26.3
26.3
26.3
26.3
26.3
26.3
26.3
26.3
26.3
26.3
26.3
26.3
26.3
26.3
26.3
26.3
26.2
26.3
26.3
26.3
26.3
26.3
26.3
26.3
26.3
26.3
26.3
26.3
26.3
26.3
26.3
26.2
26.2
26.3
26.3
26.3
26.2
26.2
26.2
26.2
26.3
26.2
26.2
26.2
26.2
26.2
26.2
26.2
26.2
26.2
26.2
26.3
26.3
26.3
26.3
26.3
26.3
26.3
26.3
26.3
26.3
26.3
26.3
26.4
26.3
26.4
26.3
26.3
26.3
26.3
26.3
26.3
26.3
26.3
26.3
26.2
26.3
26.3
26.3
26.3
26.2
26.2
26.2
26.3
26.3
26.2
26.2
26.3
26.3
26.3
26.3
26.3
26.3
26.4
26.3
26.3
26.4
31.8
26.6
26.5
26.5
26.5
26.5
26.4
26.4
26.3
26.3
26.3
26.3
26.3
26.3
26.4
26.3
26.4
26.3
26.3
26.2
26.3
26.2
26.3
26.3
26.3
26.3
26.3
26.3
26.3
26.3
26.3
26.3
26.3
26.3
26.3
26.3
26.3
26.3
26.3
26.3
26.2
26.3
26.2
26.2
26.2
26.2
26.2
26.2
26.2
26.2
26.2
26.2
26.2
26.2
26.2
26.3
26.3
26.3
26.3
26.3
26.4
26.4
26.3
26.3
26.3
26.3
26.4
26.3
26.3
26.4
26.3
26.3
26.3
26.3
26.3
26.3
26.3
26.3
26.2
26.2
26.2
26.2
26.2
26.4
26.6
26.5
26.8
26.7
26.6
26.6
26.5
26.5
26.5
26.5
26.4
26.4
26.4
26.4
26.3
26.3
26.3
26.3
26.3
26.3
26.3
26.3
26.3
26.3
26.3
26.2
26.2
26.2
26.3
26.2
26.3
26.3
26.3
26.3
26.3
26.2
26.3
26.3
26.3
26.3
26.3
26.3
26.3
26.3
26.3
26.3
26.3
26.3
26.3
26.3
26.4
26.3
26.3
26.3
26.3
26.3
26.3
26.3
26.3
26.3
26.3
26.3
26.3
26.3
26.4
26.4
26.3
26.3
26.3
26.3
26.3
26.3
26.3
26.3
26.3
26.3
26.3
26.3
26.3
26.3
26.3
26.3
26.3
26.3
26.2
26.3
26.3
26.3
26.3
26.3
26.3
26.3
26.6
26.5
26.4
26.4
