34.4
33.3
27.0
27.3
27.6
28.0
28.2
28.1
28.3
28.5
28.7
28.9
28.7
28.8
28.9
29.1
29.3
29.2
29.1
29.2
29.2
29.3
29.2
29.2
29.2
29.3
29.4
29.2
29.2
29.6
29.6
29.7
29.7
29.4
29.7
29.8
29.8
29.9
29.6
29.5
29.6
29.7
29.7
29.4
29.2
29.3
29.5
29.5
29.2
29.2
29.4
29.5
29.6
29.5
29.4
29.5
29.6
29.6
29.6
29.3
29.3
29.4
29.5
29.4
29.3
29.4
29.4
29.5
29.5
29.2
29.3
29.4
29.5
29.5
29.2
29.3
29.2
29.3
29.4
29.1
29.0
29.2
29.3
29.3
29.0
29.1
29.1
29.2
29.3
29.0
29.1
29.2
29.3
29.4
29.2
29.1
29.3
29.3
29.4
29.3
29.1
29.2
29.3
29.4
29.3
29.2
29.2
29.4
29.5
29.4
29.1
29.4
29.5
29.6
29.7
29.3
29.4
29.4
29.5
29.6
29.3
29.3
29.5
29.5
29.4
29.2
29.1
29.2
29.2
29.3
29.3
29.1
29.3
29.3
29.4
29.5
29.2
29.3
29.3
29.4
29.5
29.1
29.2
29.3
29.4
29.4
29.2
29.1
29.2
29.3
29.4
29.2
29.1
29.2
29.3
29.5
29.5
29.2
29.2
29.4
29.4
29.4
29.1
29.2
29.2
29.3
29.5
29.4
29.2
29.3
29.4
29.4
29.4
29.2
29.3
29.3
29.4
29.5
29.1
29.2
29.3
29.4
29.5
29.3
29.2
29.3
29.4
29.5
29.4
29.1
29.2
29.2
29.4
29.4
29.1
29.1
29.1
29.3
29.4
29.1
29.2
29.3
29.3
29.5
29.2
29.2
29.2
29.3
29.3
29.3
29.1
29.2
29.3
29.4
29.5
29.1
29.2
29.2
29.3
29.4
29.2
29.1
29.2
29.7
30.1
30.1
29.7
29.7
29.8
29.8
29.9
29.5
29.5
30.0
30.0
30.0
29.7
29.8
29.9
29.9
29.8
29.6
29.5
29.7
30.0
30.0
30.0
29.7
29.7
29.7
29.7
29.8
29.4
29.4
29.5
29.6
29.6
29.3
29.3
29.4
29.5
29.7
29.3
29.3
29.4
29.4
29.4
29.2
29.2
29.3
29.4
29.4
29.4
29.1
29.2
29.3
29.3
29.3
28.9
29.0
29.2
29.2
29.3
29.0
29.1
29.1
29.2
29.2
29.1
29.0
29.1
29.2
29.4
29.3
29.2
29.3
29.4
29.4
29.5
29.2
29.2
29.3
29.4
29.4
29.1
29.1
29.2
29.3
29.3
29.0
29.1
29.1
29.3
29.4
29.2
29.0
29.1
29.2
29.3
29.2
29.0
29.2
29.3
29.3
29.3
29.0
29.1
29.3
29.4
29.5
29.2
29.2
44.1
30.1
30.0
29.6
29.6
29.6
29.4
29.5
29.3
29.2
29.4
29.5
29.5
29.4
29.2
29.2
29.3
29.4
29.4
29.1
29.1
29.1
29.2
29.3
29.0
29.1
29.2
29.5
29.6
29.3
29.1
29.2
29.3
29.4
29.4
29.1
29.1
29.2
29.3
29.4
29.0
29.1
29.2
29.3
38.2
26.6
26.9
27.3
27.7
27.8
27.7
27.9
28.2
28.4
28.6
28.6
28.5
28.7
28.9
29.0
28.7
28.9
29.0
29.1
29.3
29.0
29.1
29.2
29.3
29.4
29.2
29.1
29.1
29.2
29.3
29.1
28.9
29.0
29.1
29.2
29.2
29.0
29.0
29.2
29.2
29.4
29.0
29.1
29.2
29.2
29.2
29.0
29.0
29.1
29.2
29.3
29.4
29.1
29.2
29.3
29.4
29.4
29.1
29.2
29.3
29.4
29.5
29.4
29.2
29.3
29.4
29.5
29.4
29.1
29.3
29.3
29.4
29.5
29.1
29.2
29.3
29.4
29.5
29.5
29.2
29.3
29.3
29.4
29.5
29.2
29.2
29.4
29.4
29.6
29.3
29.3
29.4
29.5
29.5
29.4
29.2
29.3
29.4
29.4
29.4
29.1
29.2
29.3
29.4
29.5
29.1
29.3
29.3
29.5
29.5
29.2
29.2
29.1
29.3
29.4
29.2
29.0
29.1
29.2
29.4
29.4
29.0
29.2
29.3
29.4
29.4
29.1
29.1
29.1
29.3
29.2
29.0
29.0
29.1
29.2
29.3
29.4
29.1
29.3
29.4
29.4
29.5
29.2
29.2
29.2
29.3
29.4
29.2
29.0
29.1
29.2
29.3
29.2
29.0
29.1
29.2
29.3
29.4
29.1
29.2
29.3
29.4
29.4
29.2
29.0
29.2
29.2
29.3
29.3
29.0
29.3
29.5
29.4
29.4
29.1
29.1
29.2
29.2
29.3
29.0
28.9
29.0
29.0
29.2
29.2
28.9
29.0
29.2
29.3
29.4
29.1
29.2
29.2
29.3
29.4
29.1
29.0
29.1
29.2
29.4
29.1
29.3
29.3
29.4
29.5
29.2
29.2
29.3
29.4
29.4
29.2
29.1
29.3
29.3
29.4
29.5
29.1
29.3
29.3
29.3
29.4
29.1
29.2
29.3
29.4
29.5
29.1
29.2
29.3
29.4
29.4
29.3
29.2
29.3
29.4
29.4
29.3
29.0
29.1
29.2
29.4
29.2
29.1
29.3
29.4
29.4
29.6
29.2
29.3
29.3
29.4
29.4
29.2
29.1
29.2
29.3
29.3
29.1
29.1
29.2
29.2
29.3
29.2
29.0
29.2
29.3
29.4
29.5
29.1
29.2
29.3
29.3
29.3
29.2
29.1
29.2
29.3
29.4
29.4
29.1
29.2
29.3
29.4
29.4
29.1
29.2
29.2
29.3
29.4
29.0
29.1
29.2
29.3
29.4
29.1
29.3
29.5
29.5
29.4
29.3
29.1
29.3
29.2
29.3
29.4
29.1
29.1
29.1
29.2
29.3
29.0
29.1
29.2
29.2
29.4
29.2
29.1
29.2
29.3
29.4
29.3
29.1
29.1
29.2
29.2
29.2
29.0
29.2
29.3
29.4
29.4
29.1
29.1
29.3
29.4
29.5
29.2
29.1
29.2
29.3
29.4
29.3
29.1
29.2
29.3
29.3
29.4
29.0
29.2
29.2
29.3
29.4
29.2
29.1
29.1
29.2
29.3
29.1
29.2
29.3
29.4
29.5
29.3
29.1
29.1
29.2
29.3
29.2
29.0
29.2
29.2
29.3
29.3
29.1
29.3
29.4
29.5
29.5
29.2
29.3
29.3
29.4
29.5
29.1
29.1
29.2
29.2
29.3
29.0
29.1
29.3
29.3
29.4
29.4
29.1
29.2
29.3
29.4
29.4
29.1
29.1
29.2
29.3
29.3
29.0
29.1
29.1
29.3
29.4
29.2
29.1
29.2
29.2
29.3
29.2
28.9
29.0
29.2
29.2
29.3
29.0
29.1
29.3
29.3
29.4
29.1
29.2
29.3
29.4
29.4
29.1
29.1
29.2
29.3
29.3
29.2
29.0
29.1
29.3
29.4
29.3
29.1
29.2
29.3
29.4
29.4
29.1
29.2
29.3
29.4
29.4
29.1
29.2
29.3
29.4
29.5
29.1
29.2
29.3
29.2
29.3
29.0
29.1
29.2
29.3
29.4
29.3
29.2
29.4
29.4
29.2
29.2
29.3
