27.9
27.6
28.1
28.5
29.0
29.5
29.6
29.2
28.9
28.6
28.3
28.3
28.9
29.1
28.7
28.4
28.3
28.0
28.1
28.2
34.7
28.4
28.1
27.9
27.7
27.7
27.9
28.2
28.8
29.1
29.0
28.7
28.4
28.1
27.9
28.2
28.8
29.0
28.7
28.4
28.2
27.9
28.2
28.5
28.9
29.2
29.6
29.5
29.8
29.4
29.1
28.7
28.4
28.1
28.7
28.4
28.2
27.8
27.7
27.6
28.0
28.5
35.5
34.9
34.8
34.4
34.1
28.2
28.0
27.8
27.6
27.4
27.9
28.2
28.7
29.1
29.3
29.4
29.7
30.1
30.1
36.8
36.9
36.8
36.4
35.8
26.4
26.4
26.4
26.4
32.8
33.0
32.5
26.4
26.4
26.3
26.3
26.7
27.2
27.5
28.0
28.6
28.8
29.0
29.2
28.9
28.7
28.4
28.1
27.9
28.3
28.7
37.2
30.9
31.3
31.6
31.7
32.2
31.9
32.5
39.7
32.4
32.2
32.6
32.4
32.2
32.0
31.9
