28.2
69.8
69.5
45.3
39.5
39.1
39.2
32.8
32.8
33.0
32.9
32.8
33.0
38.8
38.3
37.9
37.5
37.1
36.6
36.1
36.0
28.7
29.2
29.3
28.9
28.5
28.2
28.0
27.8
27.7
27.6
27.4
27.3
27.5
27.3
27.2
27.1
36.1
30.0
29.6
29.7
29.7
29.8
29.8
29.5
29.5
29.6
29.7
29.8
29.5
29.6
29.6
29.7
29.7
29.6
29.4
29.5
29.5
29.6
29.7
29.4
29.5
29.8
29.8
29.9
29.6
29.6
29.9
30.0
30.0
29.7
29.6
29.7
29.7
29.7
29.7
29.3
29.4
29.5
29.6
29.7
29.3
29.3
29.4
29.5
29.6
29.2
29.2
29.4
29.4
29.6
29.7
29.4
29.5
29.6
29.6
29.7
29.4
29.4
29.5
29.5
29.6
29.2
29.2
29.3
29.5
29.5
29.2
29.2
29.3
29.3
29.5
29.2
29.2
29.3
29.4
29.4
29.4
29.1
29.2
29.3
29.4
29.6
29.3
29.3
29.3
29.4
29.5
29.1
29.2
29.2
29.2
29.3
29.3
29.1
29.1
29.1
29.2
29.3
29.0
29.0
29.1
29.2
29.3
29.4
29.3
29.4
29.5
29.6
29.5
29.4
29.5
29.5
29.7
29.8
29.5
29.5
29.6
29.7
29.7
29.3
29.3
29.4
29.4
29.5
29.2
29.3
29.3
29.4
29.4
29.1
29.1
29.2
29.2
29.3
29.3
29.1
29.2
29.3
29.3
29.4
29.0
29.1
29.2
29.4
29.6
29.2
29.2
29.3
29.6
29.6
29.5
29.2
29.3
29.4
29.4
29.5
29.2
29.2
29.3
29.4
29.5
29.4
29.1
29.2
29.4
29.5
29.6
29.2
29.2
29.3
29.3
29.5
29.2
29.2
29.4
29.5
29.5
29.5
29.1
29.2
29.3
29.4
29.4
29.2
29.2
29.2
29.3
29.4
29.2
29.1
29.2
29.3
29.3
29.3
29.1
29.2
29.2
29.4
29.3
29.0
29.1
29.3
29.3
29.4
29.3
29.2
29.3
29.4
29.5
29.5
29.1
29.2
29.3
29.4
29.5
29.5
29.9
29.9
29.9
29.9
29.7
29.5
29.6
29.6
29.6
36.6
26.8
27.1
27.7
28.1
28.3
28.2
28.3
28.5
28.7
28.9
34.3
28.7
28.9
29.0
29.1
29.2
28.9
29.0
29.2
29.2
29.3
29.3
29.0
29.1
29.3
29.4
29.4
29.1
29.2
29.3
29.3
29.3
29.3
29.0
29.2
29.3
29.4
29.3
29.0
29.1
29.2
29.3
29.4
29.2
29.3
29.4
29.5
29.6
29.6
29.3
29.4
29.4
29.5
29.6
29.2
29.3
29.4
29.4
29.4
29.2
29.0
29.1
29.2
29.2
29.2
29.0
29.1
29.3
29.4
29.4
29.1
29.2
29.2
29.3
29.4
29.2
29.2
29.3
29.4
29.4
29.3
29.1
29.3
29.3
29.4
29.4
29.0
29.1
29.1
29.3
29.4
29.1
29.1
29.2
29.3
29.3
29.2
29.1
35.3
29.7
29.7
29.6
29.3
29.3
29.4
29.5
29.6
29.3
29.5
29.5
29.5
29.5
29.3
29.2
29.3
29.4
29.4
29.5
29.1
29.2
29.3
29.4
29.5
29.2
29.2
29.3
29.4
29.4
29.4
29.1
29.2
29.3
29.4
29.4
29.2
29.1
29.2
29.3
29.5
29.6
29.3
29.3
34.7
34.0
33.5
27.4
27.5
27.8
28.1
28.3
28.5
28.2
28.5
28.7
28.8
28.9
28.7
28.8
28.9
29.0
29.1
29.0
28.9
29.1
29.2
29.2
29.3
29.0
29.1
29.2
29.4
29.5
29.2
29.2
29.3
29.3
29.4
29.2
29.1
29.2
29.3
29.3
29.4
29.0
29.2
29.2
29.3
29.4
29.1
29.1
29.1
29.2
29.3
29.1
28.9
29.1
29.2
29.3
29.4
29.1
29.1
29.3
29.3
29.4
29.1
29.1
29.1
29.2
29.2
29.2
28.9
29.1
29.2
29.3
29.3
29.0
29.1
29.2
29.2
29.3
29.1
29.0
29.1
29.2
29.3
29.4
29.0
29.1
29.2
29.3
29.3
29.0
29.1
29.3
29.4
29.4
29.2
29.2
29.2
29.4
29.5
29.5
29.2
29.3
29.4
29.4
29.4
29.2
29.1
29.2
29.3
29.3
29.2
28.9
29.0
29.1
29.2
29.2
28.9
29.0
29.1
29.2
29.3
29.0
29.1
29.3
29.4
29.4
29.4
29.1
29.2
29.3
29.3
29.4
29.1
29.2
29.2
29.4
29.3
29.1
29.1
29.2
29.2
29.2
29.3
29.0
29.1
29.2
29.3
29.4
29.1
29.0
29.1
29.2
29.2
29.3
29.1
29.2
29.3
29.4
29.4
29.1
29.1
29.2
29.3
29.4
29.2
29.1
29.1
29.1
29.2
29.3
29.0
29.1
29.2
29.2
29.3
29.0
29.1
29.2
29.2
29.3
29.2
29.0
29.1
29.2
29.3
29.4
29.2
29.2
29.3
29.4
29.5
29.3
29.2
29.3
29.5
29.5
29.5
29.2
29.2
29.3
29.4
29.5
29.2
29.2
29.2
29.3
29.4
29.3
29.1
29.1
29.2
29.3
29.4
29.0
29.1
29.2
29.3
29.1
29.3
29.3
29.4
29.5
29.4
29.2
29.4
29.5
29.5
29.6
29.2
29.3
29.4
29.4
29.4
29.2
29.2
29.2
29.3
29.4
29.4
29.1
29.2
29.3
29.3
29.4
29.1
29.1
29.2
29.3
29.4
29.4
29.4
29.4
29.5
29.4
29.5
29.1
29.1
29.2
29.3
29.3
29.1
29.1
29.2
29.2
29.2
29.3
29.0
29.0
29.1
29.1
29.2
28.9
29.0
29.2
29.2
29.3
29.2
29.0
29.1
29.2
29.3
29.6
29.3
29.3
29.3
29.4
29.4
29.2
29.1
29.2
29.3
29.4
29.5
29.2
29.2
29.3
29.4
29.4
29.1
29.2
29.3
29.3
29.4
29.3
29.0
29.2
29.2
29.3
29.4
29.1
29.2
29.2
29.4
29.6
29.2
29.3
29.3
29.4
29.5
29.2
29.2
29.2
29.3
29.4
29.2
29.1
29.2
29.3
29.4
29.4
29.1
29.2
29.3
29.4
29.4
29.1
29.1
29.2
29.3
29.4
29.2
29.1
29.2
29.3
29.5
29.3
29.2
29.3
29.4
29.4
29.5
29.2
29.3
29.3
29.4
29.4
29.2
29.0
29.1
29.2
29.3
29.4
29.0
29.1
29.1
29.2
29.3
29.2
29.0
29.2
29.2
29.1
29.3
28.9
29.1
29.2
29.4
29.5
29.3
29.1
29.2
29.2
29.3
29.2
29.0
29.1
29.1
29.2
29.3
29.0
29.0
29.1
29.2
29.4
29.1
29.1
29.2
29.2
29.4
29.2
29.1
29.1
29.2
29.2
29.3
29.0
29.1
29.3
29.4
29.5
29.3
29.2
29.3
29.3
29.4
29.5
29.1
29.2
29.3
29.3
29.4
29.2
29.1
29.2
29.3
29.4
29.4
29.0
29.2
29.2
29.3
29.4
29.0
29.1
29.1
29.2
29.3
29.2
29.0
29.3
29.4
29.5
29.5
29.2
29.2
29.3
29.3
29.3
29.3
29.0
29.1
29.3
29.4
29.4
29.0
29.2
29.2
29.4
29.4
29.1
29.1
29.1
29.2
29.3
29.2
29.0
29.2
29.2
29.4
29.4
29.1
29.3
29.4
29.5
29.5
29.3
29.2
29.2
29.3
29.3
29.3
29.0
