32.6
42.8
43.0
43.3
43.5
43.7
43.9
43.9
43.6
43.3
43.5
43.7
43.9
43.7
43.9
44.0
44.0
44.1
44.3
44.4
44.6
44.7
44.8
44.8
44.9
45.0
45.1
45.0
45.0
45.0
45.0
45.0
45.0
44.9
45.0
45.0
45.0
45.0
45.0
45.0
45.0
44.4
39.1
39.1
39.5
39.4
39.4
45.5
45.4
45.4
45.4
45.4
45.4
45.3
45.3
45.3
45.2
44.6
44.3
43.8
38.0
38.0
38.2
38.2
38.5
38.6
38.8
44.7
44.8
44.8
44.9
45.0
45.1
45.2
45.2
45.2
44.6
37.4
37.3
37.7
37.9
37.7
37.9
38.1
38.3
38.5
39.0
39.3
39.5
33.6
33.6
43.6
43.8
43.9
44.1
44.2
44.3
44.2
37.0
37.4
42.8
43.1
43.3
43.6
43.8
44.0
44.1
44.3
44.5
44.5
44.6
44.6
44.7
44.8
44.9
44.9
44.9
45.0
45.0
45.0
45.1
45.1
45.2
45.3
45.3
45.4
45.4
45.5
45.5
45.6
45.6
45.6
45.6
45.6
45.7
45.6
45.6
45.6
45.5
45.5
45.4
45.0
45.0
45.0
45.0
45.1
45.1
45.1
45.2
45.2
44.7
44.1
43.7
43.3
43.0
43.0
43.3
43.6
43.7
43.5
43.0
42.6
42.5
42.5
42.7
43.1
43.4
43.6
43.8
44.0
44.2
44.3
44.5
44.6
44.7
44.8
44.9
44.9
45.0
45.1
45.1
45.1
45.1
44.7
44.5
44.6
44.7
44.8
44.9
45.0
45.0
45.1
45.1
45.2
40.1
46.3
46.1
46.1
46.1
46.1
46.0
45.9
45.9
45.8
45.8
45.8
45.8
45.7
45.8
45.8
45.8
45.8
45.8
45.8
45.8
45.9
45.9
45.9
45.9
45.9
45.9
45.9
45.9
45.9
46.0
46.0
46.0
45.9
45.8
45.8
45.9
45.9
45.9
45.9
45.8
45.8
45.9
45.8
45.7
45.6
45.2
44.7
44.8
44.9
45.0
45.1
45.1
44.5
44.0
38.8
39.0
39.5
44.9
44.9
44.9
45.0
45.0
45.2
45.2
45.3
45.4
45.5
45.5
45.6
45.7
45.7
45.8
45.8
45.8
45.8
45.9
45.9
45.9
45.9
46.0
45.9
46.0
46.0
46.0
46.0
46.0
46.0
46.1
46.0
46.0
45.9
45.9
45.9
45.8
45.8
45.7
45.7
45.7
45.6
45.6
