39.7
39.8
40.4
40.8
41.4
41.9
42.4
42.7
43.0
43.3
43.6
43.9
44.1
44.2
44.4
44.6
44.7
44.9
45.0
45.1
45.2
45.2
45.3
45.4
45.4
45.4
45.4
45.4
45.4
45.3
45.4
45.4
45.4
45.4
45.3
45.3
45.2
44.8
35.9
42.2
42.5
42.9
43.2
43.4
43.0
43.3
43.7
43.9
44.1
44.2
44.4
44.6
44.7
44.8
44.9
44.9
45.0
45.1
45.2
45.3
45.3
45.4
45.4
45.5
45.5
45.5
45.4
45.5
45.5
45.4
45.4
39.1
39.3
39.6
40.2
40.7
41.2
41.7
42.1
42.4
42.7
42.9
42.8
42.5
41.9
41.5
41.0
41.2
41.7
42.1
42.5
42.9
43.1
43.4
43.7
43.9
44.1
44.2
44.2
44.0
43.8
43.8
43.4
43.3
43.0
42.9
42.7
42.5
42.0
36.8
36.6
36.4
36.3
36.2
36.2
36.4
43.0
42.7
42.3
42.0
41.9
41.7
41.4
41.2
40.8
40.8
41.0
41.0
41.1
41.1
40.9
41.3
41.8
42.0
42.4
42.7
42.7
42.1
42.5
42.8
42.6
43.0
43.4
43.6
43.9
44.1
44.1
44.3
44.4
43.9
43.8
38.2
38.1
38.6
44.9
44.9
45.0
45.1
45.0
45.1
45.2
45.2
45.3
45.4
45.4
45.4
45.4
45.5
45.5
45.3
45.4
45.5
45.4
45.5
45.5
45.5
45.6
45.4
45.3
45.4
45.4
45.4
45.4
45.4
45.3
44.8
44.4
37.8
37.5
37.3
37.3
37.1
37.5
37.5
37.6
37.4
37.3
37.9
37.6
37.6
37.3
37.0
36.8
36.9
36.7
36.6
37.0
37.6
37.8
37.9
38.2
38.1
43.4
43.0
42.8
43.0
42.8
43.0
42.9
42.8
42.9
42.9
42.3
42.5
42.6
42.5
42.1
41.5
41.1
40.6
40.1
39.8
39.6
39.5
39.1
39.7
45.5
45.4
39.3
39.4
39.2
39.5
39.5
39.5
39.7
39.8
39.8
39.9
39.8
39.7
39.4
39.9
45.9
45.8
45.6
45.6
45.6
45.7
45.6
45.6
45.6
45.6
45.6
45.6
45.7
45.4
45.5
45.5
45.6
45.6
45.6
45.7
45.7
45.8
45.8
45.8
45.8
45.9
45.9
45.9
45.9
46.0
46.0
46.0
46.0
46.0
46.2
46.2
46.1
46.1
46.1
46.1
46.1
46.1
46.1
46.2
46.1
46.2
46.1
46.2
46.1
