37.0
44.9
44.8
44.5
38.8
39.0
39.1
39.1
39.0
45.3
45.2
45.2
45.1
45.1
45.1
45.1
45.1
44.7
44.5
44.6
44.7
44.8
44.9
44.9
44.9
44.9
45.0
45.0
44.9
44.8
44.8
45.0
45.0
45.1
38.4
38.8
38.9
39.2
39.2
45.3
45.3
45.3
45.3
45.4
45.4
45.4
45.4
45.4
45.4
45.3
45.2
44.7
44.4
44.3
44.4
44.0
43.5
43.1
42.7
42.2
42.0
41.8
41.2
35.5
35.6
35.9
36.5
44.5
44.5
44.7
44.7
44.8
44.8
44.9
44.9
44.6
44.5
44.2
44.1
44.3
44.4
44.4
44.5
44.7
44.7
44.9
45.0
45.0
45.0
45.1
45.1
44.9
44.3
44.0
43.6
35.1
35.3
35.3
35.7
45.3
45.3
45.3
45.3
45.4
45.4
45.4
45.4
45.4
45.4
45.4
45.4
45.3
45.3
45.3
45.4
45.5
45.5
45.5
45.5
45.6
45.6
45.6
45.6
45.5
45.4
45.5
45.5
45.4
45.2
38.8
39.0
38.8
44.5
44.5
44.2
43.7
43.3
42.7
42.2
42.1
41.7
41.5
41.9
42.2
42.7
43.0
43.3
43.6
43.8
44.1
44.2
44.4
44.5
44.6
44.8
44.9
45.0
45.2
45.2
45.3
45.3
45.4
45.4
45.4
45.4
45.5
38.0
45.9
45.7
45.6
45.5
45.6
45.6
45.6
45.7
45.7
45.7
45.7
45.7
45.7
45.7
45.7
45.7
45.7
45.7
45.7
45.7
45.7
45.8
45.7
45.8
45.8
45.8
45.8
45.8
45.8
45.8
45.9
45.9
45.8
45.7
45.7
45.8
45.7
39.1
39.1
39.4
39.3
44.7
44.7
44.7
44.8
44.6
44.2
44.4
44.6
44.7
44.8
44.4
43.9
43.9
43.9
44.1
44.3
44.5
44.6
44.6
44.8
45.1
45.2
45.3
45.3
45.4
45.5
45.6
45.6
45.6
45.7
45.6
45.4
45.5
45.2
45.2
45.1
45.3
45.2
45.1
45.2
44.8
44.8
44.8
44.8
44.6
44.7
44.6
44.7
44.9
44.8
44.9
45.0
45.0
45.0
45.0
45.0
45.0
45.0
44.9
45.0
45.0
44.8
44.2
43.8
44.0
44.2
44.4
44.6
44.7
44.8
44.8
44.9
45.0
45.0
44.8
44.7
44.7
44.3
34.5
34.4
42.2
42.2
41.7
41.9
