28.2
27.9
33.0
32.7
32.5
32.2
31.8
31.7
31.5
31.4
31.3
30.9
31.0
31.0
30.9
30.8
30.6
30.6
30.7
30.8
30.8
30.4
30.5
30.6
30.8
30.8
30.4
30.4
30.6
30.7
30.8
30.4
30.4
30.5
30.6
30.7
30.3
30.5
30.6
30.7
30.8
30.5
30.5
30.7
30.8
30.8
30.7
30.5
30.6
30.8
30.8
30.7
30.4
30.6
30.7
30.7
30.6
30.3
30.5
30.6
30.7
30.6
30.3
30.4
30.6
30.7
30.6
30.4
30.5
30.5
30.6
30.4
30.3
30.4
30.4
30.5
30.4
30.3
30.5
30.6
30.7
30.6
30.3
30.4
30.5
30.5
30.6
30.4
30.3
30.5
30.5
30.6
30.3
30.4
30.5
30.6
30.7
30.3
30.3
30.5
30.6
30.6
30.2
30.2
30.3
30.5
30.5
30.2
30.2
30.4
30.5
30.4
30.0
30.2
30.4
30.5
30.6
30.3
30.4
30.4
30.5
30.5
30.2
30.4
30.4
30.6
30.5
30.1
30.3
30.4
30.4
30.5
30.2
30.2
30.3
30.4
30.5
30.2
30.3
30.3
30.5
30.6
30.3
30.3
30.3
30.5
30.6
30.4
30.4
30.4
30.4
30.5
30.2
30.3
30.3
30.3
30.3
30.1
30.0
30.2
30.3
30.5
30.4
30.3
30.4
30.5
30.8
30.8
30.5
30.5
30.5
30.5
30.6
30.2
30.4
30.4
30.4
30.3
30.2
30.3
30.5
30.6
30.4
30.4
30.5
30.6
30.7
30.4
30.5
30.6
30.6
30.7
30.4
30.5
30.6
30.6
30.8
30.4
30.5
30.7
30.8
30.7
30.4
30.5
30.6
30.7
30.7
30.4
30.4
30.6
30.7
30.7
30.5
30.3
30.4
30.5
30.6
30.5
30.3
30.4
30.5
30.5
30.6
30.4
30.5
30.4
30.4
30.2
30.3
30.3
30.4
30.6
30.5
30.3
30.5
30.6
30.7
30.6
30.4
30.5
30.5
30.6
30.5
30.3
30.4
30.5
30.6
30.5
30.2
30.3
30.2
30.4
30.3
30.2
30.4
30.5
30.5
30.6
30.2
30.5
30.6
30.6
30.8
30.5
30.5
30.6
30.7
30.8
30.5
30.6
30.7
30.8
30.9
30.5
30.4
30.6
30.7
30.8
30.5
30.4
30.4
30.4
30.6
30.4
30.4
30.5
30.6
30.5
30.2
30.3
30.4
30.5
30.4
30.1
30.3
30.2
30.4
30.4
30.1
