30.9
42.2
41.8
42.0
42.4
42.7
43.0
43.3
43.5
43.7
43.9
44.0
44.1
43.7
43.5
43.0
42.8
42.9
42.9
43.2
43.4
43.6
43.9
44.1
44.3
44.3
44.5
44.6
44.7
44.8
44.9
45.0
45.0
45.1
45.1
45.1
45.2
45.2
45.2
45.3
45.3
44.7
44.1
44.2
44.1
43.8
43.8
43.9
44.1
44.2
44.3
44.4
44.5
44.6
44.7
44.8
44.9
44.9
44.9
44.9
44.6
38.2
38.5
39.0
39.6
39.5
39.8
44.9
44.3
43.7
43.6
43.8
43.9
44.0
44.0
44.0
44.1
44.2
44.4
44.5
44.6
44.7
44.9
44.9
45.0
45.1
45.2
45.3
45.1
45.0
45.0
45.0
44.8
44.7
44.4
38.8
39.2
39.6
45.3
45.0
45.0
44.8
44.8
44.4
44.2
44.3
44.1
43.7
43.4
43.2
43.0
42.8
42.8
42.8
42.7
42.8
43.1
43.3
43.4
43.5
43.7
43.8
44.1
44.2
44.3
44.2
43.9
43.3
43.1
43.3
43.6
43.9
44.1
44.2
44.4
44.5
44.5
44.1
44.1
44.1
44.3
44.3
44.4
44.6
44.7
44.7
44.8
44.9
44.9
45.0
45.0
45.1
45.2
45.2
45.3
45.4
45.5
45.5
45.5
45.6
45.6
45.6
45.6
45.6
45.7
45.6
45.6
45.5
45.6
45.5
45.6
45.6
45.6
45.6
45.6
45.6
45.6
45.6
45.6
45.6
45.6
45.7
45.6
45.6
45.6
45.6
45.7
45.7
45.6
45.5
45.6
45.6
45.6
45.6
45.6
45.6
45.7
45.7
45.7
45.6
45.7
45.6
45.6
45.6
45.6
45.5
45.6
45.6
45.6
36.6
36.6
36.6
36.8
37.0
37.2
37.0
42.2
42.5
42.7
43.1
43.4
43.6
43.9
44.2
44.4
44.5
44.6
44.7
44.8
44.8
44.9
44.9
44.6
44.1
43.7
43.5
43.7
44.0
44.2
44.1
44.2
44.4
44.6
44.7
44.9
45.0
45.1
45.2
45.2
45.3
45.3
45.4
45.4
45.4
45.5
45.4
45.5
45.5
45.5
45.5
45.4
45.4
45.5
45.5
45.5
45.4
45.4
45.5
45.5
45.3
45.0
44.5
44.0
43.8
43.9
43.8
43.5
43.8
44.0
44.2
44.3
44.3
44.4
44.6
44.7
44.8
44.8
44.9
45.0
45.0
45.1
45.1
45.1
44.8
44.6
44.4
44.6
