28.3
28.5
28.5
28.8
29.1
29.3
29.5
29.3
29.4
29.6
29.6
29.7
29.6
29.6
29.8
29.9
30.0
30.2
29.9
30.0
30.2
30.3
30.5
30.2
30.0
30.1
30.2
30.2
30.0
30.0
30.0
30.1
30.3
30.1
30.2
30.2
30.4
30.4
30.4
30.0
30.2
30.3
30.4
30.4
30.2
30.1
30.3
30.3
30.4
30.4
30.1
30.0
30.2
30.3
30.8
30.6
30.5
30.5
30.6
30.6
30.6
30.3
30.2
30.4
30.4
30.5
30.2
30.1
30.2
30.2
30.4
30.3
30.1
30.1
30.3
30.4
30.4
30.1
30.2
30.3
30.3
30.4
30.3
30.1
30.2
30.2
30.3
30.3
30.0
30.1
30.3
30.3
30.5
30.2
30.2
30.3
30.3
30.4
30.3
30.2
30.2
30.3
30.3
30.4
30.1
30.1
30.2
30.3
30.4
30.0
30.1
30.2
30.3
30.3
30.3
30.1
30.2
30.4
30.4
30.4
30.0
30.1
30.2
30.3
30.3
30.2
30.0
30.0
30.1
30.2
30.3
30.0
30.1
30.2
30.3
30.4
30.1
29.9
30.0
30.2
30.2
29.9
30.0
30.2
30.2
30.3
30.2
30.1
30.1
30.2
30.3
30.4
30.1
30.0
30.2
30.3
30.5
30.3
30.2
30.3
30.3
30.3
30.4
30.0
30.1
30.2
30.3
30.4
30.4
30.2
30.2
30.3
30.4
30.4
30.2
30.2
30.3
30.3
30.4
30.3
30.2
30.3
30.3
30.4
30.4
30.1
30.2
30.3
30.3
30.4
30.1
30.1
30.2
30.1
30.2
30.2
30.0
30.1
30.2
30.3
30.3
30.0
30.0
30.1
30.2
30.2
29.9
30.0
30.2
30.2
30.2
30.0
29.9
29.9
30.0
30.1
30.1
29.8
29.9
30.0
30.1
30.2
29.9
29.9
30.1
30.2
30.2
30.1
29.9
29.9
29.9
30.1
30.1
29.8
29.9
30.0
30.2
30.3
30.2
30.0
30.1
30.1
30.2
30.2
29.9
29.9
30.0
30.1
30.2
30.0
30.0
30.1
30.2
30.3
30.3
30.0
30.0
30.1
30.2
30.2
30.1
30.0
30.2
30.2
30.3
30.3
30.0
30.1
30.1
30.2
30.3
30.1
30.1
30.2
30.2
30.3
30.2
29.9
30.0
30.1
30.1
30.2
29.9
30.0
30.0
30.1
30.2
29.9
29.9
30.0
30.0
30.1
30.1
29.8
29.9
30.0
30.1
