27.0
45.1
44.7
44.6
44.6
44.6
44.6
44.4
44.3
44.1
44.2
38.8
38.7
38.7
38.6
38.6
38.4
38.1
38.1
38.3
38.2
37.8
45.1
45.1
45.1
45.1
45.0
45.1
45.1
45.1
45.2
45.2
45.1
45.2
45.2
45.3
45.3
45.1
44.8
45.0
45.0
45.1
45.2
45.2
45.2
45.1
44.8
35.7
35.9
42.0
41.8
42.1
42.4
42.6
42.8
43.1
35.3
35.0
34.9
34.6
34.4
34.2
34.5
35.1
35.6
36.0
36.0
35.9
35.7
36.0
44.5
44.5
44.7
44.7
44.2
44.0
44.0
43.8
43.8
43.9
44.0
44.2
44.4
44.5
44.5
44.3
44.3
44.0
34.5
34.7
45.9
45.8
45.8
45.8
45.8
45.8
45.7
45.8
45.7
45.6
45.6
45.7
45.7
45.6
39.5
39.2
39.7
45.1
45.0
44.7
44.1
43.5
36.6
36.3
36.2
36.3
36.4
36.4
36.3
36.0
43.4
43.2
42.8
42.7
42.2
41.8
41.3
41.8
42.3
42.7
43.0
43.3
43.6
43.9
44.1
44.3
44.4
44.5
44.1
33.2
33.2
33.6
33.8
33.9
33.9
34.1
34.5
34.7
34.7
34.7
34.6
34.9
34.8
34.9
35.4
35.8
36.1
36.5
37.0
37.2
37.3
37.2
37.7
45.3
44.7
44.1
44.3
44.3
43.7
43.3
43.3
43.6
43.9
44.1
44.2
44.3
44.4
44.6
44.7
44.8
44.5
44.0
43.8
43.7
43.2
37.6
37.2
37.5
45.5
38.4
45.1
45.0
45.1
44.5
44.1
38.0
37.6
37.3
37.4
37.8
44.5
44.4
44.5
44.7
44.8
44.8
44.8
45.0
45.0
45.1
45.2
45.3
45.3
45.3
45.3
45.4
45.5
45.5
45.5
45.6
45.6
45.6
45.6
45.6
45.6
45.6
45.7
45.7
45.7
45.8
45.8
45.8
45.8
45.8
45.8
45.8
45.8
45.9
45.8
45.9
45.8
45.8
45.9
45.8
45.8
45.9
45.8
45.8
45.8
45.7
45.6
45.6
45.6
45.5
45.5
45.5
45.4
45.4
45.4
45.4
45.4
45.3
45.3
45.3
45.2
45.0
44.9
44.4
44.0
43.5
43.1
42.6
35.7
35.5
35.5
35.6
36.1
44.9
44.7
44.3
44.5
44.4
44.0
43.4
36.6
36.8
37.2
37.8
45.5
45.5
45.5
45.5
45.5
45.5
45.5
45.5
45.4
45.4
45.4
45.4
45.4
45.4
45.4
45.1
44.9
45.0
45.1
