28.7
28.8
28.8
28.7
29.0
29.2
29.2
29.1
29.1
29.3
29.5
29.6
29.6
29.4
29.5
29.6
29.7
29.9
29.5
29.6
29.8
29.9
30.0
29.9
29.8
29.7
29.9
30.0
29.9
29.7
29.7
29.7
29.8
30.0
29.7
29.7
29.9
29.8
29.6
29.5
29.6
29.7
29.8
29.6
29.6
29.8
30.0
30.1
29.7
29.7
29.8
29.9
29.9
29.8
29.5
29.7
29.7
29.7
29.8
29.5
29.4
29.4
29.5
29.6
29.4
29.4
29.4
29.3
29.4
29.1
29.3
29.3
29.5
29.6
29.5
29.4
29.5
29.5
29.6
29.5
29.3
29.4
29.6
29.5
29.6
29.2
29.3
29.5
29.6
29.6
29.2
29.3
29.4
29.5
29.6
29.3
29.5
29.5
29.5
29.7
29.3
29.4
29.5
29.6
29.7
29.6
29.4
29.4
29.6
29.7
29.6
29.3
29.5
29.6
29.7
29.8
29.5
29.4
29.5
29.5
29.6
29.5
29.5
29.6
29.7
29.7
29.7
29.5
29.6
29.6
29.8
29.7
29.4
29.5
29.6
29.7
29.7
29.4
29.3
29.4
29.3
29.4
29.1
29.3
29.3
29.5
29.6
29.3
29.4
29.5
29.5
29.6
29.2
29.3
29.5
29.6
29.7
29.4
29.5
29.7
29.7
29.8
29.7
29.5
29.5
29.7
29.7
29.6
29.3
29.3
29.4
29.5
29.4
29.3
29.4
29.5
29.6
29.6
29.4
29.5
29.7
29.7
29.8
29.4
29.6
29.6
29.7
29.8
29.6
29.4
29.6
29.7
29.7
29.8
29.5
29.5
29.6
29.8
29.8
29.4
29.5
29.6
29.8
29.8
29.5
29.6
29.6
29.7
29.6
29.3
29.4
29.5
29.6
29.7
29.7
29.5
29.5
29.6
29.6
29.6
29.3
29.5
29.6
29.6
29.7
29.4
29.5
29.6
29.6
29.7
29.5
29.5
29.5
29.6
29.7
29.7
29.4
29.4
29.5
29.7
29.8
29.4
29.6
29.7
29.8
29.8
29.5
29.4
29.4
29.6
29.7
29.6
29.5
29.6
29.7
29.8
29.9
29.5
29.7
29.8
29.9
30.0
29.7
29.5
29.6
29.7
29.8
29.6
29.4
29.6
29.6
29.7
29.8
29.5
29.5
29.6
29.7
29.8
29.4
29.5
29.6
29.7
29.6
29.3
29.5
29.6
29.6
29.7
29.3
29.3
29.5
29.6
29.7
29.7
29.5
29.6
29.6
29.7
29.6
29.4
29.4
29.5
29.6
29.7
29.3
29.5
29.6
29.7
29.7
29.4
29.5
29.5
29.6
29.8
29.4
29.5
29.6
29.5
29.6
29.4
29.4
29.5
29.6
29.7
29.6
29.3
29.6
29.6
29.6
29.7
29.3
29.4
29.5
29.5
29.6
29.4
29.3
29.3
29.4
29.6
29.6
29.4
29.5
29.7
29.8
29.8
29.5
29.5
29.6
29.6
29.7
29.5
29.5
29.7
29.8
29.9
30.0
29.6
29.7
29.7
29.8
29.9
29.7
29.6
29.7
29.7
29.7
29.5
29.3
29.3
29.5
29.4
29.2
29.3
29.4
29.5
29.6
29.5
29.4
29.6
29.6
29.7
29.7
29.4
29.4
29.5
29.5
29.6
29.4
29.3
29.4
29.6
29.7
29.8
29.4
29.5
29.7
29.6
29.7
29.4
29.4
29.5
29.5
29.6
29.3
29.3
29.5
29.4
29.5
29.3
29.4
29.5
29.5
29.7
29.4
29.5
29.6
29.7
29.8
29.5
29.5
29.5
29.6
29.6
29.5
29.2
29.4
29.3
29.4
29.3
29.1
29.3
29.4
29.4
29.6
29.2
29.3
29.5
29.5
29.6
29.2
29.4
29.5
29.6
29.7
29.4
29.4
29.6
29.7
29.7
29.5
29.4
29.5
29.6
29.6
29.5
29.2
29.4
29.5
29.6
29.4
29.2
29.4
29.4
29.3
29.5
29.2
29.3
29.4
29.5
29.6
29.5
29.3
29.4
29.4
29.5
29.4
29.3
29.4
29.4
29.5
29.5
29.2
29.5
29.5
29.5
29.3
29.1
29.3
29.5
29.5
29.5
29.2
29.3
29.4
29.5
29.6
29.3
29.2
29.3
29.4
29.5
29.5
29.2
29.4
29.5
29.6
29.8
29.4
29.5
29.6
29.7
29.7
29.4
29.5
29.5
29.6
29.7
29.5
29.2
29.5
29.5
29.6
29.6
29.3
29.4
29.6
29.6
29.7
29.4
29.5
29.5
29.6
29.7
29.4
29.4
29.6
29.8
29.8
29.7
29.6
29.7
29.7
29.7
29.5
29.4
29.6
29.6
29.6
29.5
29.3
29.4
29.4
29.5
29.5
29.2
29.3
29.4
29.6
29.7
29.4
29.4
29.4
29.6
29.6
29.6
29.4
29.4
29.5
29.6
29.7
29.4
29.5
29.6
29.7
29.7
29.5
29.5
29.7
29.7
29.9
29.8
29.6
29.6
29.7
29.8
29.8
29.5
29.5
29.6
29.7
29.8
29.5
29.5
29.6
29.6
29.6
29.6
29.3
29.4
29.5
29.7
29.7
29.4
29.5
29.5
29.5
29.5
29.1
29.3
29.4
29.6
29.6
29.3
29.4
29.5
29.5
29.6
29.3
29.3
29.4
29.4
29.5
29.3
29.2
29.3
29.4
29.4
29.4
29.2
29.3
29.5
29.6
29.7
29.3
29.2
29.3
29.5
29.5
29.2
29.3
29.3
29.4
29.5
29.2
29.3
29.4
29.5
29.6
29.3
29.3
29.4
29.5
29.6
29.5
29.2
29.3
29.5
29.6
29.6
29.3
29.3
29.5
29.6
29.8
29.4
29.5
29.6
29.7
29.7
29.3
29.4
29.4
29.5
29.5
29.3
29.3
29.3
29.4
29.5
29.3
29.2
29.4
29.6
29.6
29.8
29.4
29.3
29.4
29.5
29.6
29.2
29.3
29.5
29.6
29.7
29.3
29.4
29.6
29.7
29.8
29.4
29.4
29.6
29.7
29.9
29.7
29.6
29.7
29.7
29.9
29.8
29.5
29.5
29.6
29.7
29.7
29.4
29.3
29.4
29.5
29.6
29.5
29.3
29.5
29.5
29.6
29.6
29.3
29.4
29.5
29.6
29.7
29.3
29.4
29.4
29.6
29.7
29.3
29.4
29.4
29.4
29.5
29.3
29.1
