25.3
36.8
37.2
37.8
43.2
42.6
42.9
42.9
43.2
43.6
43.9
44.0
44.2
44.3
44.4
44.6
44.6
44.5
43.9
43.9
44.0
44.1
44.1
44.2
44.0
44.1
44.4
44.1
44.2
44.0
36.6
36.5
45.1
44.9
44.5
44.1
43.8
44.1
44.2
44.4
44.5
44.6
44.7
44.8
44.4
44.5
44.5
44.6
44.6
44.7
44.8
44.9
45.0
45.1
45.2
45.2
45.2
45.3
45.3
45.4
45.4
45.5
45.5
45.5
45.6
45.6
45.6
45.6
45.6
45.6
45.6
45.5
45.5
45.5
45.3
44.9
37.8
43.2
43.3
43.5
43.7
44.0
44.1
44.3
44.5
44.6
44.7
44.8
44.9
45.0
44.6
44.7
44.8
44.9
45.0
45.0
45.1
45.2
45.3
45.3
45.4
45.5
45.6
45.1
44.8
44.9
45.0
45.1
45.1
45.1
45.2
45.4
45.4
45.4
45.4
45.4
45.1
44.9
44.9
45.0
45.0
45.1
45.2
45.3
45.4
45.4
45.5
46.0
46.0
46.0
46.0
45.9
45.9
45.9
40.7
32.8
33.0
41.6
42.1
42.5
42.8
42.9
43.2
43.5
43.6
43.2
43.5
43.7
43.9
44.2
44.4
44.5
44.6
44.2
44.2
43.9
44.1
43.6
43.1
43.3
43.3
43.6
43.8
43.9
44.0
44.0
43.6
43.2
42.9
43.1
42.8
42.1
36.1
36.5
42.4
42.2
42.3
42.3
42.2
42.0
42.1
41.9
41.4
41.0
40.5
40.1
39.7
40.3
40.7
40.8
41.4
42.0
42.5
42.9
43.3
43.6
43.9
44.1
44.4
44.6
44.8
44.9
44.9
44.9
45.1
45.2
45.3
45.4
45.5
45.6
45.7
45.7
45.7
45.7
45.6
45.6
45.6
45.7
45.7
45.8
45.9
45.9
45.9
45.9
45.9
45.8
45.3
45.3
45.3
45.4
45.5
45.5
45.6
45.6
45.5
45.6
45.6
45.5
45.5
45.5
45.3
45.2
44.7
44.2
43.8
43.5
43.4
43.7
44.0
44.2
44.4
44.6
44.8
44.9
45.0
45.1
45.2
45.3
45.4
45.5
45.6
45.7
45.7
45.5
45.6
45.6
45.6
45.6
45.7
45.8
45.8
45.8
45.8
45.8
45.8
45.8
45.7
45.7
45.5
45.6
45.6
45.6
45.6
45.6
45.6
45.6
45.7
45.7
45.6
45.6
45.7
45.8
45.8
45.8
45.7
45.8
45.7
45.8
45.7
45.7
