26.4
26.5
26.6
26.6
26.6
26.7
26.8
26.8
26.9
26.9
26.9
26.9
27.0
27.0
27.0
27.0
27.0
27.0
27.1
27.1
27.1
27.1
27.1
27.1
27.1
27.1
27.1
27.0
27.0
27.1
27.1
27.0
27.1
27.1
27.1
27.1
27.1
27.1
27.1
27.1
27.2
27.1
27.2
27.2
27.2
27.1
27.1
27.1
27.1
27.1
27.1
27.1
27.1
27.1
27.1
27.2
27.2
27.1
27.1
27.1
27.1
27.2
27.2
27.2
27.1
27.2
27.2
27.2
27.1
27.1
27.1
27.1
27.1
27.0
27.0
27.0
27.0
27.0
27.0
27.0
27.0
27.0
27.0
27.0
27.1
27.0
27.1
27.1
27.1
27.1
27.0
27.1
27.0
27.0
27.1
27.0
27.1
27.2
27.2
27.1
27.1
27.1
27.1
27.1
27.1
27.1
27.1
27.2
27.2
27.2
27.3
27.5
27.5
27.6
39.1
28.4
28.3
28.2
28.2
28.2
33.9
28.4
37.8
29.5
29.8
35.3
35.0
34.7
34.4
33.9
34.1
33.6
33.4
33.1
32.9
32.6
32.6
32.4
32.4
39.7
48.2
48.8
32.4
32.3
32.1
32.0
31.9
31.8
31.6
31.5
31.9
44.5
34.3
34.1
33.8
33.8
34.1
33.8
33.6
33.6
33.4
33.2
33.4
33.6
33.6
33.7
33.7
33.8
33.5
33.3
33.1
33.1
32.9
32.9
32.9
32.8
32.8
32.6
32.5
32.4
38.8
31.6
31.5
31.5
31.5
31.5
31.4
31.4
31.3
42.0
33.6
33.3
33.1
33.0
33.0
33.0
33.2
33.0
32.8
33.4
33.1
32.9
32.5
32.4
32.7
32.6
32.6
32.5
32.4
32.4
32.2
32.0
32.0
31.8
32.0
31.9
31.7
31.6
31.5
31.4
31.4
31.4
31.4
31.4
31.3
31.2
31.1
31.1
31.1
31.4
31.2
31.2
31.2
31.1
31.1
31.2
31.1
31.2
31.2
31.2
31.1
31.0
31.0
30.9
30.9
30.8
30.9
30.9
30.9
30.9
30.8
30.8
30.8
30.8
30.9
30.8
30.9
31.0
31.0
30.9
30.9
30.9
31.0
30.9
31.0
31.0
30.9
31.1
31.1
31.4
31.5
31.5
31.5
31.4
31.2
31.3
31.2
31.3
31.2
31.3
31.3
31.2
31.2
31.1
31.1
31.2
31.3
31.3
31.2
31.3
31.2
31.1
31.0
31.0
31.0
31.0
31.1
31.1
31.0
31.1
31.1
31.1
31.1
31.0
31.0
30.9
30.9
30.8
30.9
30.9
30.8
30.8
30.8
30.9
30.9
31.0
30.9
30.9
30.9
30.9
30.9
30.9
30.9
30.9
30.9
30.9
31.1
31.0
31.0
31.0
31.2
31.2
31.1
31.1
31.1
31.1
31.1
31.0
31.0
30.9
30.8
30.8
31.0
31.1
31.1
31.1
31.0
31.1
31.1
31.1
31.0
30.9
30.9
31.0
30.9
30.9
30.8
30.8
30.9
30.9
30.9
30.8
30.9
30.8
30.8
30.9
30.8
30.8
30.9
31.0
31.0
31.1
31.0
31.0
31.0
31.0
31.0
31.0
31.0
30.9
30.9
30.9
30.9
30.9
30.8
30.8
30.9
30.8
30.9
30.8
30.9
31.1
31.2
31.2
31.1
31.1
31.0
31.0
31.1
31.0
30.9
30.9
30.9
30.9
30.8
30.8
30.7
30.7
30.8
30.8
30.8
30.9
31.0
31.1
31.0
31.1
31.0
31.0
31.0
31.0
30.9
30.9
30.9
31.1
31.1
31.0
30.9
30.9
31.0
31.0
31.0
31.0
31.0
31.2
31.2
31.1
31.0
31.1
31.1
31.2
31.4
31.3
31.3
31.3
31.3
31.2
31.1
31.1
31.0
31.0
31.1
31.0
30.9
31.0
30.9
30.9
30.9
30.9
30.9
30.8
30.9
30.9
31.0
30.9
31.0
30.8
30.9
30.9
30.8
