28.0
27.8
28.3
28.7
28.9
29.0
28.9
29.1
29.3
29.5
29.7
29.6
29.7
29.9
30.0
30.0
29.8
30.0
30.3
30.3
30.3
30.2
30.3
30.4
30.6
30.4
30.4
30.5
30.5
30.5
30.5
30.3
30.4
30.5
30.6
30.6
30.3
30.5
30.5
30.5
30.6
30.3
30.4
30.4
30.4
30.4
30.2
30.4
30.4
30.5
30.5
30.3
30.5
30.5
30.5
30.4
30.3
30.5
30.5
30.5
30.4
30.3
30.5
30.6
30.7
30.6
30.5
30.5
30.5
30.5
30.4
30.3
30.4
30.4
30.5
30.2
30.3
30.4
30.5
30.4
30.2
30.3
30.4
30.6
30.7
30.3
30.3
30.5
30.6
30.6
30.2
30.3
30.5
30.6
30.7
30.3
30.4
30.4
30.4
30.5
30.2
30.3
30.4
30.4
30.3
30.2
30.3
30.5
30.6
30.5
30.4
30.4
30.5
30.6
30.4
30.2
30.4
30.6
30.6
30.2
30.4
30.5
30.5
30.6
30.3
30.4
30.5
30.6
30.7
30.7
30.4
30.6
30.7
30.7
30.7
30.3
30.5
30.5
30.6
30.7
30.3
30.5
30.6
30.6
30.6
30.4
30.4
30.6
30.7
30.7
30.4
30.6
30.7
30.6
30.7
30.3
30.4
30.5
30.6
30.8
30.4
30.5
30.6
30.5
30.4
30.2
30.3
30.4
30.4
30.4
30.2
30.4
30.5
30.5
30.4
30.3
30.5
30.6
30.7
30.6
30.4
30.5
30.6
30.7
30.5
30.2
30.4
30.5
30.7
30.7
30.3
30.4
30.6
30.7
30.5
30.3
30.3
30.4
30.5
30.6
30.2
30.3
30.4
30.5
30.6
30.3
30.5
30.5
30.7
30.8
30.5
30.5
30.6
30.7
30.8
30.6
30.4
30.4
30.6
30.6
30.4
30.3
30.4
30.4
30.6
30.5
30.4
30.5
30.7
30.8
30.5
30.5
30.5
30.5
30.5
30.2
30.3
30.3
30.4
30.5
30.3
30.4
30.5
30.6
30.7
30.4
30.4
30.4
30.5
30.5
30.2
30.4
30.5
30.6
30.6
30.4
30.4
30.6
30.7
30.6
30.5
30.4
30.5
30.5
30.6
30.3
30.2
30.3
30.5
30.6
30.4
30.4
30.7
30.8
30.8
30.4
30.4
30.4
30.5
30.5
30.2
30.3
30.4
30.4
30.5
30.2
30.4
30.4
30.5
30.7
30.3
30.4
