27.9
27.7
27.6
27.8
28.3
28.2
28.0
27.9
27.7
27.6
28.1
27.9
27.7
27.6
27.5
27.5
28.1
28.2
28.5
28.3
28.1
27.9
27.7
27.7
27.7
27.5
27.4
27.2
27.2
27.7
28.1
28.0
27.8
27.7
27.6
27.5
27.9
33.2
32.8
26.8
26.7
26.7
26.7
26.7
27.1
27.5
27.6
27.5
27.4
27.2
27.2
27.6
28.2
28.4
28.2
28.0
27.8
27.7
27.7
28.2
28.0
27.8
27.7
27.5
27.5
28.1
34.3
27.4
27.2
27.2
27.1
27.1
27.4
28.0
28.3
28.8
29.1
29.2
29.4
29.6
29.8
29.3
29.0
28.7
28.4
28.2
28.0
27.8
27.7
27.6
27.7
33.2
33.2
33.1
33.4
26.8
26.7
26.7
26.7
26.8
26.7
26.7
26.7
26.8
26.7
27.2
33.4
27.6
27.6
27.4
27.3
27.2
32.4
32.5
26.8
26.8
26.8
26.8
26.8
27.1
27.6
27.5
27.4
27.3
27.1
27.4
34.1
28.4
28.1
27.9
27.8
27.7
28.2
28.4
28.2
28.0
27.8
27.6
27.5
27.8
28.2
28.7
28.9
29.3
29.5
29.6
29.3
29.0
28.7
28.4
28.2
28.4
28.7
29.0
29.5
29.2
28.8
28.6
28.3
28.2
28.4
28.7
29.2
29.2
29.0
28.6
28.4
28.1
28.0
28.4
28.6
28.9
29.4
29.4
29.7
36.6
36.2
30.1
29.7
29.3
29.0
28.6
28.6
28.9
34.1
27.2
27.1
27.1
27.0
26.9
27.4
27.8
28.4
34.3
33.9
26.8
26.8
26.8
26.7
26.7
26.9
27.0
26.9
26.9
26.9
27.4
27.3
27.1
27.1
27.1
27.0
27.4
27.4
27.3
27.3
27.2
27.1
