26.9
45.5
45.0
45.0
45.0
45.0
44.9
44.9
44.9
45.0
45.1
45.1
45.2
45.2
45.2
45.3
45.1
45.0
45.0
45.0
45.0
45.0
45.1
44.5
44.4
44.5
44.5
44.6
44.7
44.8
44.9
44.9
44.9
44.9
45.0
45.1
45.2
45.2
45.3
45.3
45.3
45.3
45.3
45.4
45.4
45.4
45.4
45.4
45.4
45.4
45.3
45.3
45.3
45.3
45.3
45.3
45.1
45.1
45.2
45.2
45.2
45.2
45.3
45.2
45.1
45.0
45.0
45.0
45.1
44.9
44.9
45.0
45.2
45.1
45.1
45.2
45.2
45.2
45.0
44.8
44.8
44.7
44.4
37.6
44.7
44.8
44.9
45.0
45.1
45.2
45.3
45.3
45.4
45.5
45.5
45.5
45.5
45.4
45.3
45.3
45.3
45.4
45.5
45.6
45.6
45.6
45.7
45.7
45.7
45.8
45.8
45.8
45.8
45.9
45.9
45.9
45.9
45.9
46.0
46.0
46.0
46.0
46.0
46.0
46.0
46.1
46.1
46.1
46.1
46.1
46.1
46.1
46.1
46.1
46.1
46.1
46.1
46.1
46.1
46.1
46.1
46.0
46.0
46.0
46.0
46.1
46.1
46.0
46.1
46.1
46.1
46.1
46.0
46.1
46.1
46.1
46.1
46.1
46.1
46.1
46.2
46.2
46.1
46.1
46.1
46.2
46.1
46.1
46.1
46.1
46.1
46.1
46.1
46.1
46.1
46.1
46.1
46.1
46.1
45.6
45.3
45.3
45.3
45.3
45.4
45.5
45.6
45.7
45.7
45.7
45.8
45.8
45.8
45.8
45.8
45.9
45.9
45.8
45.8
45.8
45.7
45.7
45.7
45.7
45.6
45.7
45.8
45.8
45.9
45.9
45.9
46.0
46.1
46.1
46.1
46.0
46.1
46.1
46.1
46.2
46.1
46.1
46.2
46.1
46.1
46.1
46.1
46.1
46.0
45.6
45.6
45.5
45.6
45.6
45.7
45.8
45.8
45.9
45.9
45.9
46.0
46.0
46.0
46.0
46.0
46.1
46.0
46.1
46.1
46.1
46.1
46.1
46.1
46.1
46.2
46.2
46.2
46.2
46.3
46.3
46.3
46.2
46.3
46.2
46.3
46.3
46.3
46.3
46.3
46.3
46.4
46.3
46.3
46.3
46.4
46.4
46.4
46.2
46.2
46.0
45.9
45.6
45.3
45.0
44.8
44.8
44.6
33.9
42.8
