37.8
38.1
38.2
38.1
38.7
44.9
44.8
44.5
43.9
43.4
42.9
42.5
42.7
42.6
42.4
42.2
42.6
42.9
43.1
43.2
43.2
43.0
43.0
42.5
42.0
41.5
41.4
40.9
40.8
40.5
40.2
40.2
40.6
41.1
41.5
40.9
40.8
41.3
41.8
41.4
34.5
34.7
35.0
35.1
35.5
35.9
36.5
36.5
36.7
44.7
44.7
44.8
44.8
44.9
45.0
44.9
45.0
45.0
45.1
45.0
45.1
45.2
45.3
44.7
35.1
35.6
36.0
41.1
40.8
40.6
40.7
41.3
41.8
42.2
42.6
43.0
43.3
43.6
43.8
44.0
44.2
44.3
44.5
44.6
44.7
44.8
44.9
45.0
45.1
45.1
45.1
45.2
45.3
45.3
45.3
45.3
45.3
45.3
45.3
45.4
45.1
45.1
45.1
45.0
45.0
44.9
45.0
45.1
45.1
45.1
45.1
45.2
45.2
45.2
45.2
45.3
45.3
45.4
45.4
45.5
45.6
45.6
45.5
45.6
45.6
45.6
45.5
45.6
45.6
45.5
45.5
45.6
45.6
45.6
45.6
45.6
45.6
45.7
45.7
45.6
45.7
45.7
45.7
45.7
45.6
45.5
45.5
45.5
44.9
44.3
43.9
43.5
36.8
44.7
44.4
43.9
43.6
43.4
43.3
42.8
42.4
42.3
42.0
42.0
42.1
42.5
42.8
43.2
43.5
43.8
44.0
44.1
44.3
44.4
44.6
44.7
44.8
44.9
45.0
45.1
45.2
45.2
45.3
45.3
45.4
45.5
45.4
45.5
45.5
45.4
45.5
45.5
45.5
45.5
45.5
45.5
45.5
45.5
45.5
45.5
45.5
45.5
45.5
45.5
45.5
45.6
45.5
45.6
45.6
45.6
45.6
45.5
45.6
45.7
45.7
45.6
45.6
45.6
45.6
45.0
39.5
40.0
45.7
45.5
40.3
40.3
40.3
40.2
40.4
40.7
40.3
40.3
40.2
40.2
40.1
40.7
41.2
41.8
42.2
42.6
43.0
43.3
43.3
43.5
43.9
44.1
44.3
44.3
44.4
44.4
44.0
43.7
43.9
44.1
44.3
44.5
44.7
44.8
44.9
45.1
45.2
45.2
45.2
45.3
45.3
45.3
45.4
45.4
45.4
45.5
45.5
45.4
39.7
39.9
39.6
39.6
40.2
45.3
45.2
45.1
44.5
34.7
35.1
44.7
44.3
35.7
