48.6
78.2
58.8
36.6
36.7
45.1
38.4
37.9
37.4
36.8
37.1
37.2
32.0
32.0
32.4
32.7
38.4
32.0
31.9
32.0
32.3
38.2
27.4
27.6
27.4
27.2
27.2
27.0
26.9
26.9
26.8
26.7
26.6
26.9
26.8
26.7
36.1
30.2
29.6
29.7
29.8
29.9
29.6
29.6
29.7
29.7
29.8
29.5
29.7
29.7
29.8
29.8
29.5
29.8
29.8
29.8
29.6
29.9
29.8
29.9
29.9
29.7
29.9
29.9
29.9
29.9
29.6
29.7
29.7
29.8
29.9
29.4
29.5
29.6
29.7
29.6
29.5
29.5
29.7
29.8
29.8
29.9
29.5
29.6
29.6
29.8
29.8
29.4
29.6
29.7
29.6
29.7
29.4
29.4
29.5
29.6
29.7
29.6
29.4
29.5
29.5
29.6
29.7
29.3
29.3
29.5
29.5
29.6
29.3
29.4
29.5
29.6
29.6
29.6
29.3
29.5
29.6
29.6
29.5
29.3
29.5
29.5
29.6
29.7
29.3
29.5
29.5
29.6
29.7
29.3
29.4
29.5
29.6
29.6
29.3
29.4
29.5
29.5
29.9
29.6
29.6
29.8
29.9
30.0
29.9
29.6
29.6
29.7
29.7
29.8
29.4
29.4
29.5
29.6
29.7
29.5
29.5
29.5
29.7
29.7
29.6
29.3
29.4
29.5
29.4
29.4
29.1
29.3
29.4
29.5
29.5
29.2
29.2
29.3
29.4
29.6
29.3
29.3
29.4
29.4
29.6
29.7
29.5
29.6
29.6
29.7
29.7
29.5
29.4
29.5
29.6
29.6
29.7
29.4
29.5
29.6
29.6
29.7
29.3
29.3
29.4
29.5
29.5
29.2
29.3
29.3
29.4
29.5
29.3
29.2
29.3
29.4
29.4
29.3
29.1
29.2
29.3
29.4
29.5
29.2
29.3
29.4
29.5
29.6
29.3
29.3
29.5
29.6
29.6
29.6
29.3
29.3
29.4
29.4
29.4
29.1
29.2
29.4
29.4
29.5
29.2
29.2
29.3
29.4
29.4
29.1
29.2
29.3
29.4
29.5
29.4
29.2
29.4
29.4
29.5
29.5
29.2
29.3
29.3
29.4
35.7
27.0
27.3
27.8
28.2
28.7
28.4
28.7
28.8
29.0
29.1
28.9
29.0
29.2
29.3
29.4
29.3
29.1
29.2
29.3
29.4
29.4
29.2
29.2
29.3
29.3
29.4
29.2
29.2
29.2
29.3
29.4
29.2
29.2
36.4
30.9
30.7
30.6
30.1
30.1
30.1
30.1
30.1
29.7
29.7
29.8
29.8
29.8
29.4
29.5
29.6
29.7
29.7
29.4
29.5
29.7
29.8
29.8
29.4
29.6
29.6
29.7
29.7
29.7
29.4
29.5
29.6
29.5
29.3
29.1
29.2
29.4
29.4
29.5
29.1
29.2
29.3
29.4
29.5
29.1
29.2
29.3
29.5
29.5
29.3
29.2
29.2
29.3
29.4
29.4
29.2
29.3
29.3
29.4
29.4
29.1
29.2
29.3
29.4
40.5
26.6
26.9
27.3
27.6
28.0
27.9
28.0
28.2
28.5
28.6
28.7
28.5
28.7
28.8
29.0
29.0
28.8
29.0
29.1
29.2
29.4
29.1
29.2
29.2
29.4
29.5
29.1
29.1
29.1
29.3
29.3
29.1
29.1
29.3
29.4
29.4
29.2
29.2
29.3
29.4
29.5
29.4
29.4
38.2
30.1
30.1
30.0
29.6
29.6
29.6
29.6
29.8
29.4
29.3
29.4
29.5
29.6
29.4
29.3
29.4
29.5
29.5
29.4
29.2
29.3
29.4
29.6
29.6
29.3
29.3
29.4
29.5
29.5
29.2
29.3
29.3
29.3
29.4
29.0
29.1
29.3
29.3
29.5
29.4
29.3
29.4
29.6
29.7
29.7
29.4
29.5
29.6
29.6
29.6
29.3
29.3
29.4
29.5
29.6
29.4
29.3
29.4
29.4
29.5
29.2
29.2
29.2
29.3
29.4
29.5
29.2
29.3
29.3
29.4
29.4
29.1
29.2
29.4
29.3
29.4
29.1
29.2
29.4
29.4
29.5
29.3
29.2
29.3
29.4
29.5
29.6
29.2
29.3
29.4
29.5
29.4
29.1
29.2
29.2
29.4
29.4
29.2
29.1
29.3
29.4
29.5
29.6
29.3
29.4
29.5
29.6
29.6
29.3
29.3
29.4
29.4
29.5
29.2
29.2
29.2
29.4
29.4
29.1
29.1
29.2
29.3
29.4
29.1
29.1
29.3
29.4
29.4
29.4
29.2
29.3
29.3
29.5
29.6
29.3
29.3
29.3
29.4
29.5
29.3
29.2
29.3
29.4
29.4
29.4
29.2
29.3
29.3
29.4
29.4
29.1
29.2
29.3
29.3
29.4
29.0
29.1
29.2
29.3
29.4
29.3
29.1
29.3
29.4
29.4
29.2
29.1
29.2
29.2
29.4
29.3
29.1
29.3
29.4
29.5
29.5
29.2
29.3
29.4
29.5
29.6
29.2
29.3
29.3
29.3
29.4
29.1
29.2
29.3
29.5
29.5
29.2
29.2
29.2
29.4
29.5
29.4
29.2
29.3
29.4
29.5
29.3
29.1
29.2
29.3
29.3
29.4
29.1
29.2
29.3
29.4
29.5
29.1
29.2
29.3
29.4
29.5
29.2
29.3
29.4
29.5
29.6
29.4
29.2
29.3
29.4
29.5
29.4
29.2
29.3
29.4
29.5
29.3
29.2
29.2
29.3
29.4
29.5
29.1
29.2
29.4
29.4
29.5
29.2
29.2
29.3
29.4
29.5
29.3
29.2
29.2
29.2
29.4
29.4
29.1
29.2
29.3
29.5
29.5
29.2
29.2
29.3
29.2
29.3
29.0
29.1
29.2
29.3
29.4
29.2
29.1
29.2
29.3
29.5
29.3
29.1
29.2
29.4
29.4
29.4
29.2
29.2
29.3
29.5
29.5
29.1
29.3
29.2
29.4
29.5
29.2
29.2
29.3
29.4
29.5
29.3
29.2
29.4
29.4
29.5
29.4
29.2
29.4
29.5
29.7
29.8
29.4
29.5
29.6
29.5
29.7
29.4
29.4
29.5
29.5
29.6
29.6
29.3
29.4
29.6
29.7
29.8
29.4
29.5
29.5
29.7
29.7
29.5
29.3
29.4
29.5
29.6
29.5
29.2
29.4
29.4
29.5
29.6
29.2
29.3
29.4
29.4
29.5
29.4
29.3
29.4
29.5
29.5
29.6
29.2
29.3
29.5
29.5
29.6
29.3
29.3
29.4
29.5
29.6
29.2
29.2
29.4
29.4
29.5
29.4
29.2
29.3
29.5
29.5
29.6
29.3
29.3
29.5
29.6
29.6
29.3
29.3
29.3
29.4
29.4
29.2
29.0
29.3
29.3
29.4
29.2
29.2
29.2
29.3
29.3
29.3
29.0
29.1
29.2
29.3
29.4
29.1
29.2
29.2
29.3
29.4
29.1
29.1
29.2
29.4
29.4
29.4
29.1
29.2
29.3
29.4
29.4
29.1
29.3
29.4
29.6
29.7
29.3
29.3
29.3
29.4
29.5
29.2
29.2
29.3
29.4
29.5
29.2
29.2
29.3
29.4
29.5
29.4
29.2
29.2
29.3
29.4
29.3
29.1
29.2
29.3
29.4
29.3
29.1
29.3
29.4
29.5
29.5
29.2
29.4
29.4
29.5
29.6
29.2
29.3
29.4
29.4
29.5
29.2
29.3
29.3
29.5
29.5
29.3
29.2
29.3
29.4
29.5
29.4
29.3
29.3
29.4
29.5
29.3
29.1
29.3
29.4
29.5
29.6
29.2
29.3
29.3
