26.0
35.5
44.3
37.6
38.1
38.6
38.7
38.3
38.1
37.9
37.6
37.9
38.4
44.7
44.7
44.8
44.9
45.0
45.0
45.0
45.0
45.0
45.1
45.1
45.1
45.1
37.0
36.7
36.5
36.9
37.0
45.3
45.3
45.2
45.2
45.2
45.2
45.3
45.3
45.4
45.4
45.3
45.4
45.4
45.5
45.5
45.5
45.6
45.7
45.7
45.8
45.8
45.7
45.7
45.7
45.4
44.9
44.8
44.8
44.7
44.8
44.9
44.9
44.9
44.9
44.9
44.9
44.5
44.1
44.1
44.0
44.2
44.5
44.6
44.7
44.8
44.9
39.5
39.8
40.4
41.0
41.5
42.0
42.3
42.6
42.9
42.9
43.2
43.4
43.3
42.8
42.7
42.6
42.3
42.6
43.0
43.2
43.5
43.8
44.0
44.2
43.7
43.3
43.2
43.1
42.8
43.1
43.3
43.5
43.7
43.9
44.1
44.2
44.4
44.2
44.0
44.2
44.4
44.6
44.6
44.7
44.6
44.7
44.7
44.8
44.9
37.6
37.7
38.1
38.6
39.2
45.3
45.2
45.3
45.2
45.1
45.2
45.2
45.3
39.9
40.2
40.5
45.9
45.8
45.9
45.9
45.9
45.9
45.9
46.0
46.0
46.0
46.0
46.0
46.0
46.0
46.0
46.0
46.0
46.0
46.0
46.0
37.8
44.9
45.0
45.1
45.0
44.7
44.2
37.4
37.4
37.4
37.5
37.7
38.1
45.7
45.7
45.7
45.7
45.7
45.9
46.1
46.1
46.3
46.4
46.3
46.4
46.4
46.3
46.2
46.2
46.1
46.1
46.1
46.0
46.0
46.0
45.9
45.9
45.9
45.9
45.8
45.7
39.9
39.9
39.9
45.3
45.4
45.4
45.4
45.4
45.4
45.4
45.5
45.1
44.5
44.6
44.6
44.1
44.0
44.2
44.4
44.6
44.7
44.7
44.4
44.0
44.1
44.2
44.1
44.3
44.5
44.7
44.9
45.0
45.2
45.3
45.3
45.4
45.6
45.7
45.7
45.8
45.8
45.8
45.9
45.9
45.9
45.9
46.0
46.0
46.1
46.1
46.1
46.1
46.1
46.1
46.2
46.5
46.4
46.4
46.0
45.7
45.1
45.2
44.8
45.0
45.1
45.2
44.7
38.0
46.1
46.1
46.1
46.1
46.0
39.3
39.8
45.9
45.7
45.7
45.7
45.8
45.6
45.5
45.5
45.5
45.3
45.0
44.9
44.4
38.8
38.7
39.3
39.4
39.7
40.1
40.5
40.7
