27.2
42.8
42.9
43.2
43.5
43.7
43.9
44.0
44.2
44.3
44.5
44.6
44.6
44.7
44.5
43.9
43.4
43.6
43.8
44.0
44.1
44.3
44.4
44.5
44.7
44.8
44.9
44.9
45.0
45.0
45.1
45.1
45.2
45.2
45.1
45.1
45.1
45.1
45.0
44.9
44.9
44.9
45.0
45.0
45.0
45.1
45.2
45.2
45.2
45.3
45.3
45.3
45.4
45.3
45.4
45.4
45.5
45.5
45.5
45.5
45.5
45.5
45.5
45.6
45.6
45.5
45.6
45.6
45.6
45.6
45.5
45.6
45.5
45.6
45.1
39.1
39.1
39.3
45.5
45.4
45.2
45.3
45.3
45.3
45.3
45.2
45.1
45.1
45.1
45.1
45.0
45.0
45.0
45.0
45.1
45.1
45.2
45.2
45.3
45.3
45.4
45.4
45.4
45.5
45.4
45.5
45.5
45.5
45.5
45.5
45.3
45.3
45.3
45.0
44.7
44.2
43.9
43.5
43.1
42.8
42.8
42.5
42.8
43.1
42.8
42.9
43.1
43.4
43.5
43.8
44.0
44.1
43.7
43.2
43.1
43.3
43.4
43.5
43.7
43.8
44.1
44.2
44.2
44.4
44.1
43.6
43.1
42.7
42.5
42.6
42.6
37.2
36.8
37.2
37.6
42.8
42.6
42.7
42.9
42.8
42.8
43.2
43.5
43.7
43.6
43.5
43.1
42.9
43.2
43.4
43.4
43.6
43.6
43.8
44.0
44.0
44.1
44.2
43.7
43.7
43.9
44.0
44.2
44.3
44.5
44.7
44.8
44.9
45.0
45.1
45.2
45.3
45.3
45.4
45.4
45.4
45.5
45.6
45.6
45.6
45.6
45.6
45.7
45.7
45.7
45.5
45.5
45.5
45.5
45.6
45.4
45.4
45.1
45.0
44.6
34.5
34.7
35.3
35.6
36.2
36.6
37.0
37.6
44.1
44.3
44.3
44.3
44.5
44.2
34.7
34.7
34.9
35.1
35.5
35.7
35.7
35.8
35.9
36.0
36.1
36.0
36.0
35.8
35.8
35.9
36.0
36.5
42.4
41.8
41.8
42.1
42.2
42.4
42.8
43.1
43.5
43.7
43.4
43.5
43.5
43.7
43.6
43.4
43.4
43.7
44.0
44.1
44.3
44.5
44.7
44.7
44.9
44.6
44.8
44.9
45.0
45.0
45.1
44.8
44.8
44.9
44.5
44.2
44.2
44.4
44.4
44.6
44.6
44.7
44.7
44.8
44.9
45.0
44.9
45.0
45.0
45.1
45.1
