26.7
64.2
72.3
45.9
38.6
38.0
38.5
38.0
37.9
37.7
44.1
35.5
35.5
35.6
35.5
35.8
35.6
35.3
35.4
35.1
29.3
29.2
29.3
28.9
28.6
28.3
28.0
27.9
27.6
27.4
27.3
27.2
27.3
27.2
27.1
27.0
35.5
29.7
29.4
29.3
29.5
29.6
29.6
29.3
29.3
29.3
29.4
29.6
29.2
29.3
29.4
29.4
29.5
29.1
29.2
29.3
29.4
29.5
29.2
29.2
29.3
29.7
29.7
29.6
29.5
29.6
30.0
30.0
29.8
29.4
29.5
29.5
29.5
29.4
29.2
29.3
29.4
29.5
29.5
29.2
29.3
29.4
29.4
29.6
29.2
29.3
29.4
29.5
29.5
29.3
29.3
29.4
29.5
29.6
29.4
29.3
29.4
29.4
29.4
29.5
29.1
29.2
29.3
29.5
29.5
29.2
29.2
29.3
29.4
29.5
29.5
29.2
29.3
29.4
29.3
29.4
29.1
29.1
29.2
29.3
29.5
29.1
29.2
29.2
29.2
29.3
29.0
29.1
29.2
29.3
29.3
29.1
29.2
29.3
29.3
29.4
29.3
29.1
29.2
29.3
29.3
29.3
29.0
29.4
29.5
29.5
29.5
29.3
29.3
29.4
29.4
29.5
29.1
29.2
29.4
29.5
29.5
29.3
29.3
29.4
29.5
29.4
29.2
29.2
29.2
29.3
29.3
29.2
29.1
29.2
29.3
29.2
29.3
28.9
29.0
29.1
29.2
29.3
29.0
29.1
29.1
29.2
29.3
29.0
29.0
29.2
29.3
29.5
29.2
29.3
29.3
29.4
29.5
29.4
29.2
29.3
29.4
29.4
29.4
29.2
29.1
29.1
29.1
29.2
28.9
29.0
29.1
29.2
29.2
29.0
29.0
29.1
29.1
29.2
29.1
28.9
28.9
29.1
29.3
29.3
29.0
29.1
29.1
29.2
29.3
29.0
29.1
29.2
29.3
29.3
29.1
29.0
29.0
29.1
29.3
29.3
29.0
29.2
29.2
29.3
29.4
29.1
29.1
29.2
29.2
29.3
29.0
29.1
29.2
29.3
29.3
29.1
29.1
29.2
29.3
36.1
27.6
27.6
27.8
28.0
28.3
28.3
28.3
28.5
28.7
29.1
29.1
29.0
29.0
29.3
29.4
29.5
29.2
29.3
29.4
29.5
30.0
29.7
29.5
29.7
29.6
29.7
29.6
29.2
29.1
29.2
29.3
29.4
29.1
29.2
29.2
29.2
29.3
29.0
29.1
29.1
29.2
29.3
29.2
29.0
29.1
29.3
29.3
29.3
29.0
29.1
29.1
29.1
29.1
28.9
29.1
29.1
29.2
29.3
29.0
28.9
29.1
29.1
29.2
28.9
37.6
29.9
29.8
29.8
29.5
29.4
29.4
29.5
29.6
29.5
29.1
29.2
29.2
29.2
29.3
29.0
29.1
29.2
29.2
29.3
29.1
29.0
29.1
29.2
29.3
29.3
29.0
29.1
29.3
29.3
29.3
29.0
29.1
29.1
29.2
29.3
29.2
29.1
29.2
29.3
29.3
29.4
29.1
36.6
29.7
29.7
29.8
29.4
29.3
29.4
29.5
29.5
29.3
29.3
29.4
29.4
29.5
29.4
29.2
29.4
29.5
29.5
29.6
29.2
29.2
29.3
29.4
29.4
29.1
29.1
29.1
29.2
29.3
29.1
29.0
29.0
29.1
29.1
29.0
28.9
29.1
29.1
29.2
29.2
29.0
28.9
28.9
29.1
29.2
28.9
29.0
29.1
29.2
29.2
29.1
28.9
29.0
29.2
29.2
29.1
28.9
29.1
29.2
29.2
29.2
28.9
29.0
29.0
29.1
29.1
28.8
29.0
29.0
29.2
29.2
29.1
29.1
29.1
29.2
29.3
29.0
28.9
29.1
29.1
29.1
29.0
28.8
28.9
28.9
29.0
29.0
28.7
28.9
29.0
29.0
29.1
29.0
29.0
29.1
29.1
29.2
29.1
28.8
28.9
29.1
29.2
29.2
28.9
29.0
29.1
29.2
29.2
29.1
29.0
29.0
29.1
29.2
28.9
29.0
28.9
29.0
29.1
29.0
28.9
28.9
29.0
29.1
29.2
28.9
29.0
29.1
29.2
29.3
28.9
29.0
29.0
29.0
29.1
29.0
28.9
29.0
29.1
29.2
29.3
29.0
29.1
29.1
29.3
29.4
29.1
29.1
29.2
29.3
29.3
29.0
29.0
29.1
29.0
29.0
28.8
28.7
28.9
28.8
28.9
28.5
28.7
28.8
29.0
29.2
29.0
29.1
29.2
29.3
29.3
29.3
29.0
29.1
29.2
29.3
29.3
29.0
29.0
29.2
29.3
29.2
29.0
28.9
29.0
29.1
29.1
29.0
28.9
29.0
29.0
29.1
29.1
28.9
29.1
29.2
29.2
29.3
29.0
29.1
29.3
29.3
29.4
29.1
29.1
29.1
29.2
29.3
29.1
28.9
29.0
29.1
29.2
29.3
29.0
29.1
29.1
29.2
29.3
29.1
29.0
29.1
29.2
29.2
29.3
29.0
29.0
29.2
29.3
29.4
29.1
29.1
29.2
29.2
29.3
29.1
29.0
29.1
29.1
29.3
29.3
29.0
29.1
29.1
29.2
29.2
29.1
29.0
29.1
29.2
29.4
29.4
29.1
29.2
29.3
29.4
29.4
29.1
29.2
29.2
29.3
29.4
29.1
29.2
29.2
29.3
29.4
29.2
29.1
29.2
29.3
29.4
29.4
29.1
29.1
29.2
29.3
29.4
29.1
29.2
29.2
29.2
29.2
28.9
29.0
29.2
29.2
29.4
29.1
29.1
29.2
29.4
29.4
29.2
29.1
29.2
29.2
29.4
29.4
29.1
29.2
29.3
29.2
29.2
28.9
29.1
29.2
29.4
29.3
28.9
29.0
29.1
29.2
29.2
29.0
28.9
29.0
29.1
29.2
29.0
29.0
29.1
29.2
29.2
29.2
28.9
29.0
29.0
29.1
29.2
28.9
29.0
29.0
29.1
29.2
29.2
29.0
29.0
29.1
29.2
29.3
29.0
29.0
29.2
29.2
29.4
29.0
29.0
29.1
29.2
29.3
28.9
29.0
29.2
29.3
29.5
29.3
29.1
29.2
29.3
29.4
29.4
29.0
29.0
29.2
29.1
29.2
28.8
28.9
29.0
29.0
29.1
28.9
28.9
29.0
29.1
29.2
29.2
29.0
29.1
29.0
29.1
29.1
28.8
28.9
29.0
29.1
29.2
28.9
28.9
28.9
29.1
29.1
28.8
28.9
29.0
29.1
29.2
29.0
28.9
29.1
29.1
29.2
29.3
28.9
29.1
29.2
29.3
29.2
28.9
28.9
29.1
29.2
29.3
29.2
29.1
29.2
29.3
29.4
29.4
29.1
29.2
29.1
29.2
29.3
29.0
29.0
29.1
29.2
29.3
29.0
29.1
29.2
29.2
29.0
29.1
29.2
29.2
29.2
