27.6
45.1
45.2
45.5
45.8
45.9
45.6
45.7
45.9
46.0
46.2
46.3
46.1
46.2
46.4
46.5
46.6
46.6
46.5
46.7
46.6
46.8
46.9
46.7
46.7
46.8
46.8
46.9
47.0
46.8
46.9
47.0
47.1
47.2
47.2
47.0
47.2
47.2
47.3
47.3
47.1
47.1
47.2
47.2
47.2
47.3
47.1
47.1
47.2
47.3
47.3
47.2
47.1
47.2
47.2
47.3
47.3
47.2
47.1
47.2
47.2
47.3
47.4
47.1
47.2
47.2
47.3
47.5
47.5
47.4
47.5
47.5
47.5
47.5
47.2
47.2
47.2
47.1
47.2
47.2
47.0
47.1
47.2
47.3
47.3
47.3
47.1
47.2
47.3
47.3
47.4
47.3
47.2
47.3
47.2
47.2
47.3
47.2
47.3
47.4
47.5
47.6
47.6
47.3
47.3
47.3
47.4
47.5
47.2
47.1
47.2
47.3
47.4
47.4
47.3
47.2
47.3
47.3
47.4
47.4
47.2
47.3
47.4
47.5
47.5
47.4
47.2
47.3
47.4
47.5
47.6
47.4
47.4
47.5
47.6
47.7
47.7
47.5
47.6
47.6
47.6
47.7
47.7
47.5
47.5
47.6
47.6
47.7
47.6
47.6
47.6
47.7
47.7
47.8
47.5
47.6
47.5
47.5
47.6
47.6
47.5
47.6
47.7
47.9
48.0
47.9
47.8
47.8
47.9
47.9
48.0
47.7
47.7
47.7
47.8
47.8
47.8
47.6
47.6
47.6
47.7
47.8
47.6
47.6
47.5
47.6
47.7
47.8
47.5
47.6
47.7
47.7
47.8
47.8
47.6
47.7
47.9
47.9
47.9
47.8
47.8
47.8
47.9
47.7
47.8
47.6
47.6
47.7
47.7
47.8
47.9
47.7
47.8
47.8
47.9
47.9
47.8
47.7
47.8
47.9
48.0
47.9
47.8
47.8
47.8
47.9
47.9
48.1
47.8
47.8
47.9
47.8
47.9
47.8
47.7
47.8
47.8
47.9
48.0
47.9
47.8
47.8
47.8
47.9
47.9
47.7
47.8
47.8
47.9
48.0
47.9
47.8
47.8
47.9
47.9
47.9
47.7
47.6
47.8
47.9
47.9
48.0
47.8
47.8
47.9
48.0
48.0
48.1
47.8
47.9
48.0
48.1
48.1
48.0
47.9
47.9
48.1
48.0
48.1
47.9
47.8
47.8
47.9
48.0
48.1
47.8
47.9
47.9
48.0
47.9
47.9
47.7
47.8
47.9
48.0
47.8
47.5
47.5
47.5
47.7
47.7
47.8
47.6
47.6
47.7
47.8
47.8
47.9
47.7
47.8
47.8
47.9
47.9
47.9
47.7
47.9
47.9
48.0
48.0
47.9
47.9
47.9
48.0
48.1
48.2
47.9
47.9
48.0
48.0
48.1
48.1
47.6
47.6
47.7
47.8
47.9
47.8
47.7
47.8
47.9
48.0
48.0
47.9
47.9
48.0
47.7
47.5
47.4
47.2
47.3
47.4
47.6
47.7
47.8
47.6
47.8
47.9
47.8
47.8
47.8
47.6
47.7
47.8
47.9
47.9
47.7
47.7
47.9
47.9
47.9
47.9
47.7
47.8
47.9
48.0
48.1
48.1
48.0
48.0
47.9
48.0
47.9
47.7
47.8
47.9
48.1
48.2
48.0
47.8
47.9
47.9
48.0
48.1
48.0
47.9
48.0
47.9
47.9
47.9
47.7
47.8
47.9
47.9
48.1
47.9
47.7
47.7
47.8
47.8
47.9
47.9
47.8
47.9
48.0
48.0
48.1
47.9
47.9
48.0
48.0
47.9
47.8
47.8
47.9
48.0
48.0
48.1
47.8
47.9
47.9
47.9
47.9
48.0
47.8
48.0
48.1
47.9
48.0
48.0
47.7
47.8
47.9
48.0
48.1
48.0
48.0
48.0
48.1
48.3
48.5
48.1
48.1
48.2
48.2
48.3
48.3
48.1
48.1
48.2
48.3
48.3
48.3
47.9
48.1
48.1
48.1
48.2
48.0
48.0
48.0
48.1
48.2
48.2
48.0
48.0
48.2
48.2
48.1
