2.2
2.1
2.0
2.0
2.0
1.9
1.9
1.9
1.9
1.9
1.8
1.8
1.9
1.8
1.8
1.8
1.8
1.8
1.8
1.8
1.8
1.8
1.8
1.8
1.8
1.8
1.8
1.8
1.8
1.8
1.8
1.8
1.8
1.8
1.8
1.8
1.8
1.8
1.8
1.8
1.8
1.8
1.8
1.8
1.8
1.8
1.8
1.8
1.8
1.8
1.8
1.8
1.8
1.8
1.8
1.8
1.8
1.8
1.8
1.8
1.7
1.7
1.8
1.8
1.7
1.8
1.8
1.7
1.8
1.8
1.8
1.7
1.8
1.8
1.7
1.8
1.8
1.8
1.8
1.8
1.8
1.8
1.8
1.8
1.8
1.8
1.8
1.8
1.8
1.8
1.7
1.8
1.8
1.7
1.8
1.8
1.8
1.8
1.8
1.8
1.7
1.7
1.8
1.8
1.8
1.8
1.8
1.8
1.8
1.8
1.8
1.8
1.8
1.8
1.8
1.7
1.7
1.8
1.8
1.8
1.8
1.8
1.8
1.8
1.8
1.8
1.7
1.7
1.8
1.8
1.8
1.8
1.7
1.7
1.8
1.8
1.8
1.7
1.8
1.7
1.8
1.8
1.8
1.7
1.8
1.8
1.7
1.8
1.8
1.7
1.7
1.8
1.8
1.8
1.7
1.7
1.8
1.8
1.7
1.7
1.8
1.8
1.8
1.8
1.8
1.7
1.8
1.8
1.7
1.8
1.8
1.8
1.7
1.7
1.7
1.7
1.8
1.7
1.7
1.7
1.7
1.7
1.7
1.7
1.7
1.8
1.8
1.8
1.8
1.8
1.7
1.8
1.8
1.7
1.8
1.8
1.8
1.7
1.7
1.7
1.7
1.8
1.7
1.7
1.8
1.8
1.8
1.8
1.8
1.7
1.7
1.8
1.8
1.8
1.8
1.8
1.7
1.7
1.8
1.8
1.7
1.8
1.8
1.7
1.8
1.8
1.8
1.7
1.8
1.8
1.7
1.8
1.7
1.7
1.8
1.8
1.8
1.8
1.7
1.7
1.8
1.8
1.8
1.8
1.8
1.7
1.8
1.8
1.7
1.8
1.8
1.8
1.7
1.7
1.8
1.8
1.7
1.7
1.8
1.8
1.7
1.7
1.8
1.8
1.8
1.8
1.8
1.7
1.8
1.8
1.7
1.8
1.8
1.8
1.8
1.8
1.8
1.7
1.7
1.8
1.8
1.8
1.7
1.7
1.8
1.8
1.8
1.7
1.7
1.8
1.8
1.7
1.8
1.8
1.7
1.8
1.8
1.8
1.7
1.7
1.8
1.8
1.8
1.8
1.8
1.8
1.8
1.8
1.8
1.8
1.8
1.7
1.7
1.8
1.8
1.8
1.8
1.7
1.7
1.8
1.8
1.8
1.8
1.8
1.8
1.7
1.7
1.8
