25.4
45.3
45.2
45.3
45.3
45.2
45.3
45.2
45.2
45.3
45.3
45.3
45.2
39.7
40.2
40.8
41.3
41.5
41.9
42.2
42.6
43.2
43.4
43.4
43.5
43.7
43.9
44.0
43.5
43.2
43.5
43.7
43.5
43.7
37.6
37.3
37.1
37.0
36.8
36.6
37.1
43.2
42.9
42.8
42.3
42.5
42.9
43.2
43.4
43.7
43.6
43.8
44.0
44.2
44.4
44.5
44.6
44.6
44.7
44.8
44.9
45.0
45.1
45.1
45.2
45.2
45.0
45.1
45.1
45.1
39.7
39.8
39.7
40.1
40.5
41.1
41.6
41.8
41.5
41.9
41.9
42.1
42.5
42.8
43.2
43.5
43.8
43.9
43.9
43.4
43.0
42.5
42.2
42.5
43.0
43.3
43.6
43.9
44.1
44.2
44.3
43.8
44.0
44.1
44.3
44.2
44.1
44.3
44.4
44.5
44.6
44.7
44.7
44.8
44.2
43.9
43.6
37.8
44.3
44.4
44.5
44.6
44.8
45.0
45.1
45.2
45.3
37.2
37.3
37.7
45.5
45.5
45.4
45.5
45.2
39.7
39.9
39.9
39.7
39.9
40.1
40.4
45.5
45.5
45.5
45.6
45.6
45.6
45.4
45.4
45.4
45.4
45.3
45.2
39.5
39.1
38.7
38.4
38.0
37.9
38.1
38.7
39.2
44.9
44.9
44.9
44.4
44.5
44.6
44.8
45.0
45.1
45.2
44.8
44.4
36.6
42.4
42.7
43.1
43.4
43.5
38.0
38.4
43.8
44.0
44.0
43.9
43.7
43.3
38.0
38.3
43.4
43.7
43.9
44.2
44.5
44.6
44.7
45.0
45.2
45.3
45.1
35.9
46.8
46.6
46.5
40.3
39.7
39.2
38.7
38.9
39.4
39.8
40.1
40.1
40.4
40.7
40.2
39.7
39.8
40.3
40.1
40.2
40.1
40.7
45.9
45.9
45.9
45.7
45.7
45.7
45.7
45.7
45.9
46.0
46.0
45.9
45.9
45.6
45.7
45.6
45.5
45.4
45.4
45.4
45.4
45.5
45.6
45.6
45.7
45.8
45.8
45.8
45.8
45.8
45.8
45.9
45.6
45.5
45.2
44.8
44.3
44.2
44.2
44.4
44.6
44.8
45.0
45.0
44.9
45.0
45.1
45.1
45.2
45.1
44.7
44.6
44.8
44.8
45.0
45.1
45.2
45.3
45.6
45.7
45.7
45.7
45.7
45.7
45.8
45.8
45.7
45.1
45.0
44.7
44.2
44.4
44.5
44.6
44.8
44.8
45.0
45.1
