25.9
26.2
26.3
26.4
26.7
26.7
26.9
26.9
26.8
26.8
26.8
26.8
26.8
26.8
26.8
26.8
26.9
26.8
26.8
26.8
26.9
27.1
27.1
27.0
27.0
26.9
26.9
26.9
26.9
26.8
26.8
26.8
26.7
26.7
26.8
26.7
26.7
26.7
26.7
26.8
26.8
26.7
26.9
27.0
27.0
27.0
26.9
27.1
27.0
27.0
26.9
26.8
26.8
26.8
26.8
26.7
26.7
26.6
26.7
26.6
26.7
26.6
26.6
26.6
26.6
26.6
26.6
26.6
26.7
26.9
26.8
26.8
26.8
26.7
26.8
26.7
26.7
26.7
26.7
26.7
26.7
26.7
26.7
26.8
26.9
26.9
27.1
27.4
27.3
27.3
27.1
27.1
27.0
27.0
26.9
26.9
26.8
26.8
26.9
26.8
26.8
26.8
26.8
26.9
26.9
26.8
27.0
26.9
26.9
26.9
26.9
26.8
26.9
26.9
26.8
26.8
26.8
26.8
26.8
26.8
26.8
26.8
26.8
26.7
26.7
26.7
26.7
26.6
26.6
26.6
26.6
26.6
26.6
26.6
26.6
26.6
26.6
26.6
26.6
26.6
26.6
26.6
26.5
26.5
26.6
26.5
26.5
26.5
26.6
26.6
26.7
26.7
26.6
26.6
26.7
26.7
26.6
26.6
26.5
26.6
26.6
26.6
26.6
26.5
26.5
26.5
26.5
26.5
26.4
26.4
26.5
26.5
26.5
26.5
26.5
26.5
26.5
26.5
26.5
26.5
33.0
26.8
26.7
26.7
26.8
27.1
27.0
27.0
26.9
26.8
32.2
26.4
26.4
26.3
26.3
26.3
26.3
26.4
26.4
26.4
26.4
26.4
26.4
26.4
26.4
26.4
26.5
26.4
26.5
26.5
26.5
26.5
26.5
26.5
26.6
26.6
26.6
26.6
26.5
26.7
32.8
26.4
26.3
26.5
26.5
26.7
36.1
26.0
26.0
26.1
26.1
33.6
26.2
26.2
26.2
26.3
26.3
26.3
26.3
26.3
26.4
26.4
26.4
26.4
26.5
26.5
26.5
26.5
26.4
26.4
26.4
26.4
26.4
26.5
26.5
26.4
26.5
26.5
26.4
26.4
26.4
26.4
26.4
26.4
26.5
26.4
26.4
26.5
26.5
26.7
26.7
26.7
26.7
26.7
26.6
32.4
26.6
26.6
26.6
26.6
26.6
26.6
26.6
26.6
26.6
26.6
26.5
26.5
26.5
26.6
26.5
26.5
26.5
26.5
26.5
26.5
26.5
26.4
26.5
26.5
26.5
26.5
26.4
26.5
26.5
26.5
26.5
26.5
26.5
26.5
26.5
26.5
26.5
26.5
26.5
26.5
26.5
26.5
26.6
27.1
27.1
27.0
27.0
26.9
26.9
26.8
26.8
26.7
26.7
26.7
26.6
26.6
26.6
26.6
26.6
26.6
26.6
26.5
26.5
26.5
26.5
26.6
26.5
26.6
26.5
26.5
26.6
26.6
26.6
26.5
26.5
26.5
26.5
26.6
26.6
26.5
26.5
26.5
26.5
26.5
26.4
26.4
26.5
27.0
26.9
26.9
26.9
26.8
26.8
26.8
26.7
26.7
26.7
26.7
26.7
26.7
26.7
26.6
26.6
26.7
26.7
26.6
26.6
26.7
26.9
26.8
26.8
26.8
26.8
26.8
26.7
26.7
26.7
26.7
26.6
26.6
26.6
26.6
26.5
26.6
26.6
26.9
26.8
26.8
26.7
26.7
26.7
26.7
26.7
26.7
26.7
26.6
26.6
26.6
26.6
26.6
26.6
26.6
26.5
26.5
26.5
26.5
26.5
26.5
26.5
26.5
26.5
26.4
26.5
26.5
26.5
26.5
26.5
26.4
26.5
26.5
26.4
26.4
26.5
26.5
26.5
26.6
26.5
26.5
26.5
26.5
26.5
26.5
26.5
26.5
26.6
26.6
26.5
26.5
26.5
26.5
26.5
26.5
26.5
26.6
26.6
26.6
26.6
26.6
26.5
26.8
26.8
26.7
26.7
26.6
26.6
26.6
26.6
26.5
26.6
26.5
26.5
26.5
26.5
26.5
26.5
26.5
26.5
26.5
26.5
26.4
26.4
26.4
26.4
26.4
26.4
26.4
26.5
26.4
26.4
26.4
26.5
26.5
26.5
26.5
26.5
26.5
26.5
26.5
26.4
26.4
26.4
26.4
26.5
26.5
26.5
26.4
26.4
26.4
26.4
26.5
26.4
26.4
26.4
26.4
26.5
26.5
26.5
26.5
26.5
26.5
26.5
26.5
26.5
26.5
26.6
26.6
26.6
26.6
26.5
26.6
26.6
26.5
26.5
26.5
26.5
26.5
26.5
26.5
26.5
26.5
26.5
26.5
26.4
26.4
26.4
26.4
26.4
26.4
26.4
26.4
26.4
26.4
26.4
26.4
26.4
26.5
26.6
26.5
26.5
26.5
26.5
26.5
26.5
26.5
26.5
26.6
26.5
26.5
26.5
26.5
26.5
26.5
26.5
26.5
26.5
26.4
26.4
26.4
26.4
26.4
26.4
26.4
26.4
26.4
26.4
26.4
26.4
26.4
26.4
26.4
26.4
26.4
26.4
26.5
26.5
26.4
26.4
26.4
26.5
26.5
26.4
26.4
26.4
26.4
26.4
26.4
26.4
26.4
26.4
26.4
26.4
26.3
26.3
26.4
26.4
26.4
26.4
26.4
26.4
26.4
26.5
26.5
26.5
26.5
26.5
26.5
26.5
26.5
26.5
26.5
26.5
26.5
26.5
26.5
26.5
26.5
26.5
26.5
26.5
26.4
26.5
26.4
26.4
26.4
26.4
26.4
26.4
26.4
26.5
26.4
26.5
26.4
26.5
26.5
26.5
26.5
26.4
26.4
26.5
26.5
26.4
26.4
26.4
26.5
26.5
26.5
26.5
26.4
26.4
26.4
26.5
26.5
26.5
26.5
26.5
26.5
26.5
26.7
26.8
26.8
26.8
26.7
26.7
26.7
26.8
26.7
26.7
26.6
26.6
26.6
26.6
26.5
26.5
26.6
26.6
26.6
26.5
26.5
26.5
26.5
26.5
26.5
26.4
26.4
26.5
26.5
26.5
26.5
26.4
26.5
26.4
26.5
26.4
26.4
26.4
26.4
26.4
26.4
26.4
26.4
26.4
26.4
26.4
26.4
26.3
26.3
26.4
26.4
26.4
26.4
26.4
26.4
26.4
26.4
26.4
26.4
26.4
26.4
26.4
26.4
26.4
26.4
26.5
26.4
26.4
26.4
26.4
26.5
26.4
26.4
26.4
26.4
26.4
26.4
26.4
26.4
26.3
26.3
26.3
26.3
26.4
26.4
26.4
26.4
26.5
26.5
26.5
26.4
26.4
26.5
26.5
26.5
26.5
26.4
26.4
26.4
26.4
26.4
26.4
26.5
26.6
26.6
26.5
26.4
26.4
26.4
26.4
26.4
26.4
26.4
26.4
26.4
26.4
26.4
26.3
26.3
26.3
26.4
26.4
26.4
26.4
26.4
26.5
26.5
26.5
26.5
26.5
26.5
26.5
26.5
26.5
26.5
26.6
26.6
26.6
26.6
26.6
26.5
26.5
26.6
26.5
26.5
26.5
26.4
26.4
26.5
26.5
26.4
26.4
26.4
26.4
26.4
26.4
26.4
26.4
26.4
26.4
26.4
26.4
26.4
