41.6
41.4
41.5
42.0
42.2
42.6
42.9
43.2
43.4
43.5
43.1
42.8
35.9
35.9
42.0
41.5
41.8
42.2
42.1
42.1
42.0
42.3
42.4
42.7
43.0
43.3
43.6
43.8
44.0
44.2
44.3
44.5
44.6
44.8
44.9
44.9
45.0
45.1
45.2
45.2
45.3
45.3
45.4
45.4
45.5
45.5
45.5
45.5
45.5
45.6
45.6
45.6
45.6
45.6
45.6
45.6
45.7
45.7
45.7
45.7
45.7
45.6
45.6
45.6
45.6
45.5
45.4
45.2
45.2
44.7
44.8
44.9
45.0
45.1
45.2
45.2
45.3
45.3
45.3
45.1
45.1
45.1
45.1
45.2
45.3
45.4
45.3
45.4
45.5
45.4
45.5
45.5
45.5
45.2
44.9
35.3
35.3
35.3
35.5
35.6
35.7
35.6
35.7
35.9
36.0
35.8
35.8
42.2
42.2
42.3
42.6
42.2
41.9
42.1
42.6
43.0
42.3
41.7
41.1
40.5
40.3
34.9
35.0
42.6
42.8
43.1
43.2
43.3
43.6
43.5
38.0
37.8
38.2
38.6
38.6
38.8
44.9
44.9
44.9
44.3
43.8
43.9
44.0
35.1
35.3
35.2
35.1
35.3
40.5
40.5
41.1
41.6
41.7
41.9
42.4
42.9
43.2
43.5
43.8
44.1
44.3
44.5
44.6
44.7
44.8
45.0
45.0
45.1
45.1
45.2
45.2
45.2
44.8
44.3
38.0
38.1
38.4
45.5
45.2
45.2
45.0
45.1
44.6
44.5
44.4
44.5
44.6
44.7
44.6
44.6
44.1
37.4
37.8
38.3
45.1
44.7
44.4
44.0
43.7
43.5
43.7
43.9
44.1
44.1
43.9
43.9
43.6
43.2
42.6
42.0
41.7
41.6
41.2
40.8
40.7
40.1
39.9
40.6
40.5
41.1
41.7
42.2
42.7
43.0
43.3
43.6
43.8
44.1
44.2
44.4
44.5
44.6
44.8
44.9
45.1
45.0
45.1
45.0
45.0
44.8
44.8
44.8
44.5
43.9
44.2
44.4
44.6
44.8
44.8
44.9
45.0
45.1
45.1
45.2
45.3
45.3
45.4
45.4
45.4
45.3
45.3
45.4
45.4
45.4
45.3
45.1
44.8
44.7
44.1
43.7
43.1
43.0
42.9
43.0
42.8
43.0
43.3
43.7
44.0
44.2
44.5
44.6
44.9
45.0
45.1
45.2
45.3
45.4
45.4
45.5
45.6
45.7
45.8
45.8
45.5
36.6
37.2
37.4
37.7
38.0
