38.2
38.5
38.9
39.3
44.5
44.5
44.6
44.6
44.4
44.4
44.3
44.3
44.3
44.2
44.2
44.2
44.3
44.3
44.3
44.4
44.5
44.6
44.5
36.8
36.8
42.0
42.0
41.5
41.0
40.5
40.9
40.8
40.4
34.1
33.8
33.7
33.7
33.9
34.3
44.9
44.9
44.9
44.9
44.9
44.9
44.4
44.4
44.5
44.5
44.6
44.7
44.8
45.0
45.0
45.1
45.1
45.1
45.2
45.3
45.3
45.3
45.3
45.3
45.3
45.3
45.3
45.4
45.4
45.3
45.4
45.4
45.5
45.5
45.5
45.6
45.5
45.5
39.7
39.9
40.0
39.4
38.9
38.5
38.3
44.1
44.1
44.1
44.3
44.5
44.6
44.9
44.7
44.8
44.8
44.7
44.3
43.7
43.8
44.0
43.3
37.2
37.3
37.7
38.1
38.2
38.5
38.6
38.9
39.2
45.9
45.8
45.8
45.8
45.8
45.8
45.8
45.8
45.8
45.7
45.6
45.5
45.5
45.4
45.3
45.3
45.3
45.2
45.3
45.2
44.6
44.3
43.9
38.8
38.9
45.1
45.2
45.2
45.3
45.4
45.3
45.4
45.5
45.4
36.6
42.8
43.1
43.4
43.8
44.0
44.3
44.4
44.6
44.8
45.0
45.1
45.2
45.2
45.3
45.4
45.5
45.5
45.5
45.6
45.6
45.7
45.7
45.6
45.7
45.7
45.7
45.7
45.7
45.8
45.8
45.7
45.7
45.7
45.7
45.8
45.8
45.8
45.8
45.8
45.8
45.9
45.9
45.9
45.8
45.6
45.7
45.7
45.7
45.8
45.8
45.9
45.7
45.7
45.6
45.5
45.5
45.5
45.6
45.6
45.6
45.6
45.6
45.0
44.7
44.8
44.9
44.8
39.7
39.3
39.0
38.7
38.8
38.8
38.5
38.8
38.8
38.4
38.6
38.0
37.6
37.4
38.0
44.9
44.9
44.9
44.9
44.8
44.2
44.3
43.7
43.4
43.0
42.8
42.6
42.2
41.9
41.7
41.3
40.9
40.7
40.5
40.6
40.8
41.3
41.8
42.0
41.5
35.3
35.5
35.9
36.1
42.8
42.9
43.0
43.4
43.7
43.9
44.2
44.4
44.6
44.7
44.8
44.9
45.0
45.1
45.2
45.3
45.4
45.5
45.5
45.5
45.5
45.6
45.6
45.7
45.7
45.7
45.6
45.6
45.3
45.4
45.3
45.4
45.4
45.5
45.5
45.4
45.4
45.5
45.3
45.3
45.3
45.3
45.3
