25.9
43.0
42.8
43.1
43.4
43.6
43.8
44.0
44.1
44.2
44.3
44.4
44.4
44.5
44.7
44.7
44.9
44.9
44.9
44.9
38.8
38.4
38.6
38.7
38.8
39.2
45.1
44.9
44.3
44.1
35.9
44.5
44.6
44.5
44.5
44.7
44.1
38.4
38.1
44.5
44.5
44.6
44.7
44.9
45.0
45.1
45.2
45.3
45.4
45.4
45.5
45.5
45.4
45.3
45.1
45.2
44.9
44.4
44.4
44.5
44.2
37.2
36.8
36.6
42.6
42.8
43.1
43.4
43.7
44.0
44.3
44.5
44.7
44.9
45.0
45.1
45.3
45.1
44.7
44.8
44.7
44.8
44.9
45.0
45.1
45.1
38.8
38.5
38.7
45.9
45.8
45.9
45.9
45.9
45.9
45.9
45.9
46.0
46.0
46.0
46.0
46.0
46.1
46.1
46.2
46.2
46.2
46.2
46.1
46.2
46.1
46.0
46.0
45.6
45.5
45.4
45.4
45.4
45.5
45.5
45.6
45.7
45.7
45.7
45.6
45.2
44.9
44.5
44.1
43.5
43.1
43.1
42.6
42.5
41.9
41.5
41.7
41.9
42.4
42.8
43.1
43.4
43.7
44.0
44.3
44.4
44.6
44.9
45.1
45.2
45.3
45.3
45.4
45.4
45.3
36.6
36.4
36.5
37.0
45.1
45.1
45.0
45.1
45.2
45.4
45.5
45.5
45.5
45.6
45.6
45.7
45.7
45.7
45.7
45.8
45.8
45.8
38.4
45.7
45.5
45.5
45.6
45.5
45.5
45.5
45.6
45.6
40.1
39.7
39.2
38.9
38.9
38.7
38.6
44.1
43.6
43.6
44.0
44.2
44.4
44.5
44.7
44.2
43.7
44.0
44.3
44.5
44.8
45.0
45.1
45.2
45.2
45.1
45.3
45.3
45.4
45.4
39.3
39.5
40.0
46.1
46.0
45.8
45.8
45.9
45.4
45.4
37.4
37.4
37.6
37.5
38.0
38.5
38.8
38.7
38.8
39.1
44.3
44.4
44.5
44.6
44.8
44.9
45.1
45.1
45.1
38.2
38.3
38.6
38.5
38.7
39.3
46.3
46.2
46.3
46.4
46.6
46.5
46.5
46.5
46.5
46.4
46.4
46.4
46.3
46.3
46.2
46.3
46.3
46.2
46.2
46.1
46.1
45.6
45.2
38.4
44.7
44.5
44.0
44.0
44.0
43.7
43.3
43.2
43.2
43.6
43.9
44.1
44.4
44.6
44.8
44.9
44.5
44.0
43.9
43.6
38.0
37.9
37.9
38.3
38.7
38.7
38.9
38.9
