25.4
26.1
26.2
26.3
26.3
26.4
26.5
26.5
26.6
26.6
26.6
26.5
26.6
26.6
26.6
26.6
26.6
26.6
26.5
26.5
26.5
26.4
26.4
26.4
26.4
26.5
26.5
26.5
26.5
26.5
26.6
26.8
26.7
26.7
26.6
26.6
26.6
26.6
26.5
26.5
26.5
26.4
26.4
26.4
26.4
26.4
26.4
26.4
26.4
26.4
26.4
26.4
26.4
26.4
26.5
26.5
26.6
26.5
26.6
26.6
26.6
26.5
26.4
26.4
26.4
26.4
26.4
26.4
26.4
26.4
26.4
26.4
26.3
26.4
26.4
26.4
26.4
26.4
26.7
26.7
26.6
26.6
26.6
26.6
26.5
26.6
26.6
26.5
26.5
26.5
26.4
26.4
26.4
26.4
26.4
26.4
26.3
26.3
26.3
26.3
26.3
26.3
26.3
26.3
26.3
26.3
26.3
26.4
26.4
26.4
26.4
26.4
26.4
26.5
26.5
26.5
26.6
26.6
26.6
26.6
26.5
26.5
26.5
26.5
26.4
26.5
26.5
26.4
26.5
26.4
26.5
26.4
26.5
26.5
26.4
26.4
26.4
26.4
26.4
26.4
26.3
26.4
26.4
26.4
26.4
26.3
26.3
26.3
26.3
26.3
26.3
26.3
26.3
26.3
26.3
26.3
26.3
26.3
26.3
26.3
26.3
26.3
26.3
26.4
26.4
26.4
26.4
26.4
26.4
26.4
26.4
26.4
26.3
26.3
26.3
26.3
26.3
26.3
26.3
26.3
26.4
26.4
26.4
26.4
26.4
26.4
26.5
26.5
26.4
26.9
27.1
27.0
26.9
26.8
26.8
26.7
26.7
26.7
26.6
26.6
26.6
26.6
26.5
26.5
26.5
26.5
26.5
26.4
26.4
26.4
26.4
26.4
26.4
26.4
26.4
26.4
26.4
26.4
26.4
26.3
26.3
26.3
26.3
26.3
26.3
26.3
26.3
26.4
26.4
26.4
31.6
31.0
30.4
30.0
29.5
29.9
29.9
29.4
29.1
28.7
28.4
28.2
27.9
27.7
27.5
27.3
27.2
27.1
26.9
26.9
26.8
26.7
26.7
26.7
26.6
26.6
26.5
26.5
26.5
26.7
27.0
26.9
27.1
27.1
27.0
26.9
26.8
26.7
26.6
26.6
26.6
26.5
26.5
26.4
26.4
26.4
26.4
26.3
26.3
26.3
26.3
26.3
26.3
26.3
26.3
31.4
30.7
30.2
29.7
29.3
28.9
28.6
28.3
28.0
27.8
27.6
27.4
27.2
27.2
27.0
27.0
26.9
26.8
26.7
26.7
26.6
26.6
26.5
26.5
26.5
26.5
26.5
26.4
26.4
26.3
26.4
26.3
26.4
26.4
26.3
26.3
26.3
26.3
26.3
26.3
26.2
26.2
26.2
26.2
26.3
26.3
26.3
26.3
26.3
26.3
26.3
26.5
26.5
26.5
26.5
26.4
26.4
26.4
26.3
26.3
26.3
26.3
26.3
26.5
26.6
26.5
26.5
26.5
26.4
26.4
26.4
26.4
26.4
26.4
26.4
26.4
26.3
26.3
26.3
26.3
26.3
26.3
26.3
26.3
26.2
26.3
26.3
26.2
26.3
26.3
26.3
26.3
26.3
26.2
26.3
26.2
26.3
26.3
26.3
26.3
26.2
26.2
26.2
26.2
26.2
26.2
26.3
26.3
26.2
26.2
26.2
26.2
26.2
26.2
26.2
26.3
26.3
26.2
26.2
26.2
26.2
26.3
26.3
26.3
26.3
26.3
26.4
26.4
26.4
26.4
26.3
26.3
26.3
26.3
26.4
26.3
26.3
26.4
26.3
26.3
26.3
26.3
26.3
26.2
26.3
26.2
26.2
26.1
26.2
26.2
26.2
26.1
26.1
26.2
26.2
26.2
26.1
26.2
26.2
26.2
26.2
26.2
26.1
26.2
26.2
26.2
26.2
26.1
26.1
26.2
26.2
26.2
26.2
26.2
26.2
26.2
26.3
26.3
26.2
26.3
26.3
26.3
26.3
26.2
26.3
26.3
26.3
26.3
26.3
26.3
26.3
26.3
26.3
26.2
26.3
26.3
26.3
26.3
26.3
26.2
26.2
26.2
26.2
26.2
26.2
26.2
26.3
26.2
26.2
26.2
26.2
26.3
26.2
26.3
26.2
26.2
26.2
26.2
26.2
26.2
26.2
26.3
26.3
26.3
26.3
26.3
26.2
26.3
26.2
26.3
26.2
26.2
26.3
26.2
26.2
26.2
26.2
26.2
26.2
26.4
26.4
26.4
26.4
26.4
26.3
26.4
26.3
26.3
26.3
26.3
26.3
26.3
26.2
26.2
26.3
26.3
26.2
26.2
26.2
26.2
26.2
26.2
26.2
26.2
26.2
26.2
26.2
26.2
26.1
26.1
26.2
26.2
26.2
26.2
26.3
26.6
26.5
26.5
26.5
26.5
26.4
26.4
26.4
26.4
26.4
26.3
26.3
26.3
26.3
26.3
26.3
26.5
26.5
26.4
26.4
26.3
26.3
26.3
26.3
26.2
26.2
26.3
26.3
26.3
26.3
26.3
26.4
26.3
26.3
26.3
26.3
26.3
26.3
26.3
26.3
26.2
26.2
26.2
26.2
26.2
26.2
26.2
26.2
26.2
26.2
26.3
26.3
26.3
26.2
26.2
26.3
26.3
26.3
26.3
26.2
26.2
26.2
26.2
26.2
26.2
26.2
26.2
26.2
26.2
26.2
26.2
26.2
26.2
26.2
26.2
26.2
26.2
26.2
26.2
26.2
26.1
26.1
26.2
26.1
26.2
26.2
26.2
26.2
26.2
26.2
26.2
26.1
26.1
26.2
26.1
26.1
26.2
26.2
26.2
26.2
26.2
26.2
26.2
26.2
26.2
26.2
26.2
26.2
26.2
26.2
26.2
26.2
26.2
26.2
26.2
26.2
26.2
26.2
26.3
26.3
26.3
26.2
26.2
26.2
26.2
26.2
26.2
26.2
26.2
26.2
26.2
26.2
26.2
26.2
26.2
26.2
26.2
26.2
26.1
26.2
26.2
26.1
26.2
26.1
26.2
26.2
26.2
26.2
26.2
26.2
26.2
26.2
26.2
26.2
26.2
26.2
26.3
26.3
26.3
26.2
26.2
26.2
26.2
26.2
26.2
26.3
26.3
26.2
26.2
26.2
26.2
26.2
26.2
26.2
26.2
26.2
26.2
26.3
26.6
26.6
26.5
26.5
26.4
26.6
26.5
26.5
26.4
26.4
26.5
26.4
26.3
26.3
26.3
26.3
26.3
26.2
26.2
26.2
26.2
26.2
26.2
26.2
26.3
26.3
26.3
26.3
26.3
26.3
26.3
26.3
26.3
26.3
26.2
26.2
26.2
26.2
26.3
26.3
26.3
26.3
26.3
26.2
26.2
26.2
26.2
26.2
26.2
26.2
26.2
26.6
26.5
26.5
26.4
26.4
26.4
26.3
26.3
26.3
26.3
26.2
26.2
26.2
26.2
26.2
26.2
26.2
26.2
26.2
26.2
26.2
26.2
26.2
26.2
26.2
26.2
26.2
26.2
26.2
26.2
26.2
26.2
26.3
26.3
26.2
26.2
26.2
26.2
26.2
26.2
26.2
26.2
26.2
26.2
26.2
26.1
26.2
26.2
26.2
26.2
26.2
26.2
26.2
26.2
26.2
26.2
26.2
26.1
26.2
26.1
26.2
26.1
26.2
26.2
26.2
