26.9
27.4
27.8
28.3
28.6
28.8
29.1
29.4
29.5
29.7
29.8
30.0
30.0
30.2
30.2
30.2
30.3
30.3
30.4
30.4
30.4
30.5
30.6
30.7
30.8
30.8
30.8
30.9
31.0
30.9
31.0
30.9
30.9
30.9
30.9
30.8
30.8
30.8
30.8
30.8
30.8
30.8
30.8
30.9
30.9
30.9
30.9
30.8
30.8
30.8
30.8
30.9
30.9
30.9
30.8
30.8
30.9
30.9
30.9
30.9
30.8
30.8
30.9
31.0
31.0
30.9
30.9
30.8
30.9
30.8
30.9
30.8
30.9
30.9
30.9
30.9
30.9
30.8
30.9
30.9
30.9
31.1
31.1
31.0
31.0
31.0
31.0
30.9
30.9
30.9
30.9
30.9
31.0
31.1
31.1
31.1
31.1
31.0
31.0
31.0
31.0
30.9
30.9
30.9
30.9
30.9
30.9
30.9
30.9
30.9
30.9
30.9
30.8
30.9
30.8
30.8
30.8
30.8
30.8
30.8
30.8
30.8
30.8
30.8
30.8
30.8
30.9
30.8
30.7
30.9
30.9
30.9
30.8
30.8
30.8
30.8
30.8
30.8
30.8
30.8
30.8
30.8
30.9
30.9
31.0
30.9
30.9
30.9
31.0
31.0
31.0
31.0
31.0
30.9
30.9
30.8
30.9
30.8
30.8
30.8
30.9
30.8
30.8
30.8
30.8
30.8
30.8
30.8
30.8
30.8
30.8
30.9
31.0
31.0
30.9
30.9
30.9
30.9
31.0
31.0
30.9
30.9
30.9
30.9
30.9
30.9
30.9
30.9
30.8
30.9
30.9
30.9
30.8
30.8
30.8
30.8
30.8
30.8
30.8
30.9
30.9
30.9
31.0
30.9
30.8
30.9
30.9
30.9
30.9
30.8
30.9
30.9
30.9
30.9
30.8
30.8
30.8
30.9
30.9
30.9
30.8
30.8
30.8
30.8
30.8
30.8
30.8
30.8
30.9
30.8
30.8
30.8
30.8
30.8
30.8
30.8
30.8
30.8
30.8
30.8
30.8
30.8
30.8
30.9
30.9
31.0
31.0
30.9
30.9
30.9
30.9
30.9
30.9
30.9
30.9
30.9
30.9
30.9
31.0
31.0
30.9
30.9
31.0
31.0
31.0
30.9
30.9
30.9
30.9
30.9
30.9
30.9
31.0
31.0
31.0
31.0
30.9
30.9
30.9
30.9
30.9
30.9
30.9
30.9
30.9
31.0
31.2
31.3
31.2
31.2
31.2
31.2
31.1
31.1
31.0
31.0
31.0
31.0
31.0
30.9
30.9
30.9
31.0
31.1
31.3
31.2
31.2
31.1
31.1
31.1
31.1
31.1
31.1
31.1
31.1
31.1
31.1
31.0
31.0
31.0
31.0
30.9
31.0
31.0
31.0
31.0
31.1
31.1
31.0
31.0
31.0
31.1
31.1
31.1
31.0
31.0
31.0
31.0
31.0
30.9
30.9
31.0
30.9
30.9
31.0
31.0
31.0
30.9
30.9
30.9
30.8
30.9
30.9
30.9
30.9
30.9
30.8
30.9
30.8
30.9
30.9
30.9
30.8
30.9
30.9
30.9
30.9
30.9
30.8
30.8
30.8
30.8
30.9
30.8
30.8
30.8
30.8
30.9
30.8
30.9
30.8
30.8
30.9
30.9
30.8
30.8
30.8
30.8
30.8
30.8
30.8
30.8
30.8
30.8
30.8
30.9
30.9
30.8
30.8
30.9
30.9
30.9
30.8
30.8
30.8
30.9
30.9
30.9
30.9
30.9
30.9
30.9
31.0
30.9
30.9
30.9
31.0
31.0
30.9
30.9
30.9
30.9
30.9
31.0
30.9
30.8
30.9
30.9
30.8
30.8
30.9
31.0
31.0
31.0
31.0
31.0
31.0
31.0
30.9
30.9
30.9
30.9
30.9
31.0
30.9
30.9
30.9
30.9
30.9
30.9
30.9
31.0
31.0
30.9
30.9
30.9
30.9
30.9
30.9
30.8
30.9
30.8
30.8
30.8
30.8
30.9
30.9
30.9
30.9
