42.2
42.0
42.4
42.7
42.9
42.7
42.6
42.8
42.9
43.1
43.4
43.6
43.8
44.0
44.2
44.3
44.4
44.5
44.6
44.6
44.6
44.6
44.7
44.7
44.8
44.8
44.5
33.2
33.6
40.9
41.4
41.7
41.8
42.3
42.7
43.0
43.3
43.6
43.8
43.8
44.1
44.3
44.4
44.6
44.7
37.6
38.0
38.3
38.6
38.2
38.0
38.5
38.9
39.3
45.5
45.5
45.5
45.3
45.4
45.4
45.4
45.3
45.1
44.9
39.1
39.1
39.3
39.4
39.3
38.9
38.6
38.2
44.1
44.2
44.3
44.0
35.3
35.4
35.7
35.6
35.7
35.7
35.7
35.8
35.6
35.7
35.6
35.6
35.6
35.8
35.9
35.8
35.7
35.8
35.6
35.8
35.4
35.6
35.5
35.6
35.4
35.4
35.4
35.3
35.7
35.7
35.8
36.0
36.4
36.5
36.6
36.8
36.6
36.6
36.9
37.1
37.2
44.7
44.8
44.8
44.9
45.0
45.0
45.1
45.1
45.0
44.8
44.7
44.6
44.5
44.6
44.4
43.8
43.6
43.8
44.0
44.2
44.4
44.5
44.6
44.8
44.8
44.8
44.6
44.6
44.4
44.3
44.4
44.5
44.5
44.4
44.4
44.5
44.5
44.6
44.7
44.8
44.9
44.9
45.0
45.1
45.1
45.2
45.2
45.3
45.4
45.4
45.4
45.4
45.4
45.5
45.5
45.5
45.6
45.6
45.6
45.7
45.7
45.6
45.6
45.5
45.6
45.6
45.6
45.6
45.7
45.7
45.7
45.7
45.7
45.6
45.7
45.7
45.7
45.7
45.7
45.7
45.8
45.7
45.7
45.7
45.2
35.9
35.7
36.1
45.5
45.4
45.5
45.5
45.5
45.5
45.6
45.6
45.6
45.6
45.6
45.7
45.7
45.6
36.4
41.8
42.0
42.4
42.9
43.2
43.5
43.5
36.6
37.0
45.3
45.2
45.3
45.4
45.5
45.5
45.2
45.4
45.5
45.5
45.4
40.3
39.9
40.1
45.5
45.4
45.4
45.4
45.5
45.5
45.5
45.5
45.6
45.6
45.7
45.7
45.7
45.7
45.6
40.5
40.2
40.1
40.6
40.9
41.4
41.9
42.3
42.7
42.9
42.4
42.2
42.6
42.3
36.1
36.2
36.3
44.7
44.4
44.2
44.2
43.9
43.7
43.6
43.7
43.4
43.3
43.1
43.1
42.5
42.6
42.9
43.2
43.4
43.3
36.4
41.6
41.9
42.3
42.7
43.0
43.2
43.5
43.7
43.9
44.1
