39.7
39.9
40.5
41.1
41.5
42.0
42.4
42.3
42.7
42.5
37.2
36.8
36.9
37.3
44.1
43.9
43.7
43.6
43.3
43.1
43.4
43.6
43.7
43.1
42.7
42.0
35.3
35.8
45.3
45.2
45.2
45.3
45.3
45.3
45.3
45.3
45.3
45.3
45.3
45.3
45.3
45.2
45.3
45.3
45.3
45.3
45.4
45.4
45.4
45.5
45.4
45.0
44.6
44.7
44.7
44.7
44.8
44.8
44.9
44.6
44.4
43.8
43.1
42.7
34.9
34.9
42.4
42.4
42.7
42.8
43.0
43.1
43.4
43.7
44.0
44.1
44.0
43.8
43.9
44.1
44.3
44.5
44.5
44.7
44.8
44.9
44.9
45.0
45.0
38.6
38.8
39.0
39.0
39.6
45.3
45.2
45.2
45.1
44.8
39.3
39.3
39.4
39.8
39.7
39.2
39.0
39.0
38.7
38.7
38.3
37.7
38.2
45.5
45.5
45.5
45.6
45.6
45.6
45.6
45.6
45.6
45.6
45.6
45.7
45.7
45.7
45.7
45.6
45.6
45.7
45.6
45.6
45.6
45.6
45.7
45.7
45.6
45.6
45.6
45.6
45.7
45.6
45.6
45.6
45.6
45.6
45.5
45.5
45.6
45.6
45.7
45.6
45.6
45.6
45.7
45.7
45.7
45.6
45.6
45.5
45.5
45.5
45.5
45.5
45.5
45.6
45.6
45.6
45.6
45.6
45.6
45.7
45.7
45.7
45.7
45.7
45.8
45.7
45.7
45.8
45.8
46.0
45.9
45.8
45.8
45.8
45.9
45.9
45.8
45.8
45.9
45.7
45.6
45.5
45.5
45.4
45.5
45.6
45.5
45.5
45.6
45.7
45.7
45.8
45.8
45.7
45.8
45.7
45.7
45.7
45.7
45.8
45.5
35.9
36.0
36.0
36.0
36.0
36.1
36.2
36.0
35.7
35.8
35.8
44.1
37.4
37.0
36.7
36.7
43.0
42.6
42.3
42.3
42.2
42.3
42.3
42.4
42.3
42.3
35.7
45.3
45.3
45.3
45.3
45.1
44.9
45.0
45.0
44.9
44.7
44.8
44.9
45.0
44.9
39.5
39.6
39.5
39.1
38.5
37.9
38.1
38.7
44.7
44.7
44.7
44.8
44.8
44.8
44.2
43.7
43.2
43.0
42.7
42.8
42.6
36.8
37.4
44.9
44.9
45.0
45.0
45.2
45.3
45.3
45.2
45.0
45.0
45.0
44.9
45.0
45.1
45.1
45.2
45.2
45.0
44.4
44.4
44.6
44.8
