25.4
26.0
26.1
26.3
34.7
26.6
26.6
26.5
26.5
26.6
26.5
26.6
26.6
26.6
26.6
26.6
26.6
26.5
26.6
26.5
26.5
26.5
26.5
26.5
26.5
26.6
26.6
26.6
26.6
26.6
26.6
26.9
26.8
26.7
26.7
26.8
26.7
26.6
26.6
26.5
26.5
26.5
26.5
26.5
26.5
26.5
26.5
26.5
26.5
26.5
26.5
26.4
26.5
26.5
26.5
26.5
26.5
26.5
26.5
26.5
26.4
26.4
26.4
26.4
26.4
26.4
26.4
26.4
26.4
26.4
26.4
26.3
26.3
26.3
26.4
26.4
26.4
26.4
26.7
26.7
26.6
26.6
26.6
26.6
26.6
26.5
26.5
26.4
26.5
26.5
26.5
26.4
26.4
26.5
26.5
26.5
26.5
26.4
26.5
26.4
26.4
26.4
26.4
26.4
26.4
26.4
26.4
26.3
26.4
26.4
26.4
26.4
26.4
26.5
26.4
26.5
26.7
26.6
26.6
26.6
26.5
26.5
26.4
26.3
26.3
26.4
26.4
26.4
26.3
26.3
26.4
26.4
26.4
26.3
26.3
26.3
26.3
26.3
26.3
26.3
26.3
26.4
26.4
26.4
26.4
26.4
26.5
26.4
26.4
26.4
26.4
26.3
26.3
26.4
26.3
26.3
26.3
26.3
26.3
26.3
26.4
26.3
26.3
26.4
26.3
26.3
26.3
26.3
26.3
26.3
26.3
26.2
26.2
26.3
26.3
26.2
26.2
26.2
26.3
26.5
26.6
26.5
26.6
26.5
26.5
26.6
26.5
26.5
26.5
31.6
26.4
26.4
26.4
26.4
26.4
26.4
26.4
26.4
26.4
26.4
26.4
26.4
26.4
26.4
26.4
26.4
26.4
26.4
26.3
26.4
26.5
26.6
26.5
26.5
26.5
26.4
26.4
26.4
26.4
26.4
26.4
26.5
26.5
26.4
26.4
26.4
26.5
26.8
26.8
32.4
26.6
26.5
26.6
26.6
26.6
37.0
26.2
26.2
26.2
26.2
32.4
26.2
26.2
26.3
26.3
26.3
26.3
26.3
26.3
26.3
26.3
26.3
26.3
26.3
26.3
26.3
26.2
26.3
26.3
26.3
26.3
26.3
26.4
26.4
26.6
26.5
26.5
26.4
26.4
26.3
26.3
26.3
26.3
26.3
26.3
26.2
26.2
26.2
26.2
26.2
26.2
26.2
26.2
26.2
32.6
26.4
26.3
26.3
26.3
26.3
26.3
26.3
26.2
26.2
26.2
26.3
26.3
26.3
26.3
26.3
26.3
26.3
26.2
26.3
26.2
26.2
26.2
26.2
26.2
26.1
26.1
26.1
26.1
26.2
26.1
26.1
26.2
26.2
26.2
26.2
26.2
26.2
26.3
26.3
26.3
26.3
26.2
26.3
26.3
26.3
26.3
26.2
26.3
26.3
26.3
26.3
26.3
26.3
26.3
26.3
26.3
26.3
26.3
26.3
26.3
26.3
26.3
26.3
26.3
26.2
26.2
26.2
26.2
26.2
26.2
26.2
26.2
26.1
26.1
26.2
26.1
26.2
26.2
26.2
26.2
26.3
26.3
26.2
26.2
26.2
26.3
26.3
26.3
26.3
26.3
26.2
26.2
26.2
26.2
26.2
26.2
26.2
26.3
26.3
26.3
26.3
26.3
26.3
26.3
26.3
26.3
26.3
26.3
26.4
26.3
26.3
26.3
26.3
26.2
26.2
26.2
26.2
26.2
26.2
26.2
26.2
26.2
26.3
26.3
26.3
26.2
26.2
26.2
26.2
26.2
26.2
26.2
26.2
26.2
26.1
26.1
26.1
26.2
26.1
26.2
26.1
26.2
26.2
26.2
26.2
26.2
26.2
26.2
26.2
26.2
26.1
26.1
26.2
26.2
26.2
26.2
26.4
26.5
26.4
26.4
26.4
26.3
26.3
26.3
26.3
26.3
26.2
26.2
26.2
26.2
26.2
26.3
26.2
26.2
26.2
26.3
26.3
26.3
26.3
26.2
26.2
26.2
26.2
26.2
26.2
26.2
26.2
26.2
26.2
26.2
26.2
26.2
26.2
26.2
26.4
26.6
26.6
26.5
26.5
26.5
26.4
26.4
26.4
26.4
26.3
26.3
26.3
26.3
26.3
26.3
26.3
26.3
26.5
26.5
26.4
26.4
26.3
26.4
26.4
26.3
26.3
26.3
26.2
26.3
26.3
26.3
26.3
26.3
26.3
26.3
26.3
26.3
26.3
26.3
26.2
26.3
26.3
26.2
26.2
26.2
26.3
26.3
26.3
26.3
26.3
26.2
26.2
26.2
26.2
26.2
26.3
26.3
26.2
26.2
26.2
26.2
26.3
26.2
26.2
26.2
26.2
26.3
26.3
26.2
26.3
26.3
26.3
26.3
26.2
26.2
26.2
26.2
26.2
26.1
26.2
26.2
26.2
26.2
26.2
26.1
26.2
26.2
26.2
26.2
26.2
26.2
26.2
26.2
26.2
26.1
26.1
26.2
26.2
26.2
26.2
26.2
26.2
26.2
26.3
26.3
26.3
26.3
26.3
26.3
26.3
26.2
26.2
26.3
26.3
26.2
26.2
26.2
26.2
26.2
26.2
26.2
26.2
26.2
26.2
26.7
27.2
27.2
27.1
27.0
26.9
26.8
26.8
26.8
26.7
26.6
26.6
26.5
26.4
26.4
26.4
26.4
26.3
26.3
26.3
26.3
26.3
26.3
26.2
26.2
26.2
26.3
26.2
26.2
26.2
26.3
26.3
26.3
26.3
26.2
26.2
26.2
26.3
26.3
26.2
26.2
26.2
26.2
26.2
26.2
26.2
26.2
26.1
26.1
26.1
26.2
26.1
26.2
26.1
26.1
26.2
26.2
26.2
26.2
26.1
26.2
26.2
26.3
26.3
26.3
26.3
26.3
26.3
26.3
26.2
26.2
26.2
26.2
26.2
26.3
26.2
26.2
26.2
26.3
26.3
26.3
26.4
26.4
26.4
26.4
26.3
26.2
26.3
26.2
26.2
26.2
26.2
26.2
26.2
26.2
26.1
26.2
26.2
26.2
26.2
26.2
26.2
26.2
26.2
26.3
26.3
26.3
26.2
26.2
26.2
26.2
26.2
26.3
26.2
26.2
26.2
26.2
26.3
26.3
26.3
26.3
26.3
26.3
26.3
26.3
26.3
26.2
26.3
26.2
26.2
26.2
26.2
26.2
26.2
26.2
26.2
26.2
26.2
26.2
26.3
26.3
26.3
26.3
26.3
26.2
26.7
26.6
26.5
26.5
26.4
26.4
26.3
26.4
26.4
26.3
26.2
26.3
26.2
26.2
26.2
26.2
26.2
26.2
26.2
26.2
26.2
26.2
26.2
26.2
26.2
26.2
26.3
26.2
26.2
26.3
26.4
26.5
26.7
26.7
27.0
26.8
26.7
26.7
26.6
26.5
26.4
26.4
26.4
26.3
26.3
26.3
26.3
26.3
26.3
26.2
26.2
26.2
26.2
26.2
26.3
26.3
26.2
26.2
26.2
26.2
26.2
26.3
26.3
26.3
26.3
26.3
26.2
26.2
26.2
26.2
26.2
26.2
26.2
26.2
26.2
26.2
26.2
26.2
26.2
26.2
26.2
26.2
26.3
26.2
26.2
26.2
26.2
26.2
26.2
26.1
26.1
26.1
26.1
26.1
26.1
26.1
26.1
26.2
26.2
26.2
26.2
26.2
26.2
26.2
26.2
26.2
