26.3
26.5
26.6
26.6
26.7
26.7
26.8
26.8
26.9
26.9
26.9
26.9
27.0
27.0
27.0
27.0
27.0
26.9
26.9
27.0
27.0
27.0
27.0
27.0
27.0
27.0
27.1
27.0
27.2
27.3
27.3
27.2
27.2
27.2
27.1
27.1
27.1
27.1
27.0
27.0
27.0
27.0
27.0
27.0
27.0
27.2
27.2
27.2
27.2
27.2
27.2
27.2
27.2
27.2
27.2
27.2
27.1
27.1
27.2
27.2
27.1
27.2
27.2
27.1
27.1
27.1
27.1
27.1
27.1
27.1
27.1
27.1
27.1
27.0
27.0
27.1
27.0
27.0
27.0
27.0
27.0
27.1
27.1
27.1
27.1
27.1
27.0
27.0
27.0
27.1
27.0
27.0
27.0
27.1
27.1
27.0
27.0
27.0
27.0
27.0
27.0
27.0
27.0
27.0
27.0
27.0
27.0
26.9
27.0
27.0
27.0
27.0
27.0
27.0
27.0
27.0
27.0
27.0
27.0
27.1
27.1
27.1
27.1
27.1
27.1
27.1
27.1
27.1
27.1
27.2
27.1
27.1
27.1
27.1
27.1
27.0
27.0
27.0
27.0
27.0
27.0
27.0
27.0
27.0
27.0
27.0
27.0
26.9
27.0
27.0
27.0
27.0
27.0
27.0
27.1
27.0
27.0
27.0
27.0
27.0
27.0
27.0
27.1
27.0
27.0
27.1
27.0
27.1
27.1
27.1
27.1
27.1
27.1
27.1
27.1
27.0
27.0
27.0
27.0
27.0
27.0
27.1
27.1
27.1
27.1
27.0
27.0
27.0
27.1
27.1
27.1
27.1
27.0
27.0
27.0
27.0
27.0
27.0
27.0
27.0
27.0
27.1
27.0
27.0
27.0
27.0
27.0
27.0
27.0
27.0
27.0
45.3
45.8
33.4
28.2
28.0
27.9
27.8
27.7
27.6
27.5
27.5
27.6
27.5
27.5
27.5
27.4
27.4
27.3
27.3
27.3
27.3
27.2
27.2
27.2
27.2
27.2
27.1
27.1
27.1
27.1
27.2
27.2
27.1
27.2
27.2
27.1
27.1
27.2
27.2
27.2
27.2
27.1
27.1
27.1
27.1
27.1
27.1
27.0
27.1
27.0
27.0
27.1
27.0
27.1
27.0
27.0
27.0
27.1
27.1
27.0
27.0
27.1
27.0
27.0
27.0
27.0
27.0
27.1
27.0
27.1
27.1
27.0
27.1
27.1
27.0
27.1
27.1
27.0
27.0
27.1
27.1
27.1
27.1
27.0
27.0
27.0
27.0
27.0
27.0
27.0
27.0
27.0
27.0
27.0
27.0
27.0
27.0
27.0
27.0
27.0
27.0
27.0
27.0
27.0
27.0
27.0
27.0
27.1
27.1
27.1
27.1
27.0
27.0
27.0
27.0
27.0
27.0
27.1
27.2
27.2
27.2
27.2
27.1
27.1
27.1
27.1
27.1
27.1
27.0
27.0
27.0
27.0
27.0
27.0
27.0
27.0
27.0
27.0
27.0
27.0
27.0
27.4
27.3
27.3
27.3
27.2
27.2
27.2
27.2
27.2
27.2
27.2
27.2
27.1
27.1
27.1
27.1
27.1
27.1
27.1
27.1
27.1
27.1
27.1
27.1
27.1
27.1
27.1
27.1
27.1
27.1
27.1
27.1
27.1
27.1
27.1
27.0
27.1
27.1
27.1
27.1
27.1
27.1
27.1
27.1
27.0
27.1
27.1
27.1
27.0
27.0
27.0
27.0
27.0
27.1
27.1
27.1
27.1
27.1
27.1
27.2
27.1
27.1
27.1
27.3
27.4
27.3
27.3
27.3
27.3
27.2
27.3
27.3
27.2
27.2
27.2
27.2
27.2
27.2
27.1
27.1
27.1
27.1
27.1
27.1
27.1
27.1
27.1
27.1
27.1
27.1
27.1
27.0
27.0
27.0
27.0
27.0
27.0
27.0
27.0
27.0
27.0
27.0
27.0
27.1
27.1
27.1
27.0
27.0
27.1
27.1
27.0
27.0
27.0
27.0
27.0
27.1
27.1
27.1
27.1
27.1
