27.1
44.3
44.1
44.3
44.4
44.5
44.6
44.6
44.7
44.8
44.8
45.0
44.9
45.0
45.1
45.1
45.0
44.9
44.8
44.5
43.9
43.5
43.5
43.6
43.3
43.0
43.3
43.5
43.2
43.3
43.3
43.3
37.4
37.9
38.4
38.5
38.6
38.8
39.2
45.5
45.5
45.5
39.5
39.6
39.6
39.3
39.3
39.0
39.5
45.1
45.1
45.1
45.2
45.2
45.2
45.3
45.3
45.3
45.3
45.4
45.5
45.5
45.6
45.6
45.6
45.6
45.6
45.6
45.6
45.5
45.6
45.6
45.5
45.5
45.5
45.5
45.6
45.5
45.5
45.6
45.6
45.6
45.6
40.1
45.3
44.9
38.8
38.6
38.6
39.3
45.7
45.7
45.6
45.6
45.6
45.6
45.7
45.6
45.6
45.4
45.4
45.4
45.4
45.5
45.6
45.4
44.9
44.3
43.7
43.1
42.9
43.1
43.4
43.7
44.0
44.2
44.4
44.6
44.7
44.7
44.7
44.8
44.8
45.0
45.0
45.1
45.2
45.2
45.2
45.2
45.1
45.0
44.8
38.2
45.5
45.5
45.5
45.6
45.6
45.6
45.6
45.6
45.7
45.7
45.6
45.7
45.6
45.6
45.7
45.7
45.7
45.8
45.8
45.8
45.8
45.8
45.8
45.9
45.9
45.9
45.9
45.9
46.0
46.0
46.0
46.0
46.0
46.1
46.1
46.0
46.0
46.0
46.1
46.1
46.1
46.1
46.1
46.1
46.1
46.1
46.1
46.1
46.2
46.2
46.2
46.1
46.1
46.1
46.1
46.0
46.0
46.0
46.1
46.1
46.0
46.0
45.9
45.8
45.8
45.8
45.8
45.8
45.8
45.9
45.9
45.8
45.9
45.9
45.9
45.9
45.8
45.8
45.7
45.7
45.7
45.7
45.7
45.7
45.7
45.8
45.7
45.7
45.8
45.8
45.8
45.8
45.9
45.9
45.9
45.8
45.8
45.6
45.6
45.5
45.4
45.1
36.1
36.0
36.2
36.3
43.4
38.0
37.8
37.6
38.1
44.7
44.4
44.6
44.8
44.9
44.5
44.0
43.8
43.8
43.5
43.3
43.2
43.3
43.6
43.2
42.7
34.9
35.0
35.6
35.7
36.1
36.0
35.9
36.4
36.9
37.5
38.0
38.5
44.1
43.7
43.4
43.2
38.0
37.9
43.0
43.2
43.6
43.9
44.1
44.2
44.4
44.6
44.8
44.8
45.0
45.1
45.1
45.3
45.3
45.4
45.5
45.6
45.7
45.7
