40.7
40.7
40.3
34.7
34.6
34.9
35.1
35.1
35.1
35.1
35.4
35.3
35.6
36.2
36.1
36.2
36.5
45.3
45.2
45.1
44.7
36.6
36.5
36.9
36.8
36.8
36.8
36.7
36.5
36.4
36.4
36.2
36.2
36.0
36.5
37.0
37.5
43.2
43.4
43.6
43.8
44.0
44.1
44.2
44.3
44.4
44.5
44.7
44.8
44.8
44.9
44.9
44.9
45.0
45.1
45.1
45.1
45.1
45.2
45.2
45.2
45.3
45.4
45.4
45.4
45.5
45.5
45.5
45.5
45.6
45.6
45.6
45.6
45.6
45.5
45.6
45.6
45.6
45.6
45.6
45.6
45.6
45.6
45.6
45.7
45.6
45.4
45.3
45.2
45.2
45.2
45.0
44.6
44.0
43.6
43.5
43.5
43.1
43.2
43.2
35.5
35.4
35.3
35.4
35.3
35.3
35.3
35.4
35.3
35.1
35.2
35.2
35.8
36.1
36.4
36.7
37.0
37.4
45.3
45.3
45.3
45.2
45.1
44.9
44.9
44.8
44.7
44.6
44.7
44.7
44.8
44.8
44.8
44.8
45.0
45.0
45.0
45.1
44.9
44.3
35.3
35.2
43.0
43.2
43.5
43.7
43.9
44.1
44.3
44.5
44.7
44.8
44.8
45.0
45.1
45.1
45.2
45.3
45.4
45.4
45.5
45.5
45.6
45.6
45.7
45.7
45.7
45.7
45.8
45.8
45.9
45.8
45.8
45.9
45.9
45.9
45.9
45.8
45.9
45.9
45.9
45.9
45.8
45.9
45.9
45.9
45.9
45.9
45.9
45.9
46.0
46.0
46.0
45.9
45.9
45.9
45.9
45.7
45.7
45.7
45.8
45.8
45.8
45.8
45.8
45.8
45.8
45.8
45.8
45.8
45.9
45.9
45.9
45.9
45.9
45.9
45.9
45.9
45.9
46.0
46.0
46.0
45.9
46.0
46.0
46.0
45.9
45.5
45.0
44.4
43.8
43.4
38.0
38.2
44.1
44.3
44.5
44.7
44.8
44.9
44.9
45.0
45.1
45.2
45.4
45.5
45.6
45.6
45.6
45.6
45.7
45.7
45.7
45.7
45.7
45.8
45.8
45.9
45.9
45.9
45.9
46.0
46.0
46.0
46.0
46.0
46.1
46.1
46.1
46.1
46.1
46.1
46.1
46.1
46.0
46.1
46.1
46.1
46.1
46.1
46.1
46.1
46.1
46.1
46.2
46.1
46.1
46.1
46.1
46.1
46.1
46.1
46.1
46.1
46.1
46.1
46.1
46.1
46.1
