36.4
29.8
29.4
29.4
29.5
29.6
29.2
29.2
29.4
29.4
29.5
29.1
29.2
29.3
29.3
29.4
29.1
29.2
29.4
29.9
29.9
29.7
29.6
29.6
29.9
29.9
29.7
29.4
29.5
29.5
29.5
29.5
29.2
29.3
29.4
29.5
29.6
29.4
29.4
29.5
29.5
29.8
29.4
29.4
29.5
29.6
29.7
29.3
29.2
29.3
29.4
29.6
29.2
29.2
29.3
29.3
29.3
29.1
29.0
29.2
29.2
29.3
29.1
29.1
29.2
29.3
29.4
29.4
29.1
29.2
29.3
29.3
29.4
29.1
29.0
29.2
29.2
29.2
29.0
29.0
29.1
29.2
29.3
29.2
29.2
29.1
29.2
29.3
29.1
28.9
29.0
29.1
29.2
29.0
28.8
28.9
29.0
29.1
29.2
28.9
29.1
29.4
29.6
29.6
29.3
29.3
29.4
29.4
29.6
29.4
29.1
29.2
29.3
29.4
29.5
29.2
29.2
29.3
29.4
29.5
29.2
29.3
29.3
29.4
29.5
29.4
29.2
29.3
29.3
29.4
29.3
29.0
29.1
29.2
29.3
29.3
29.0
29.2
29.2
29.4
29.4
29.0
29.0
29.2
29.2
29.3
29.2
29.1
29.2
29.3
29.5
29.2
29.0
29.2
29.2
29.3
29.3
29.0
29.1
29.2
29.3
29.4
29.1
29.0
29.1
29.2
29.3
29.2
29.0
29.1
29.1
29.2
29.1
28.9
29.0
29.1
29.2
29.1
28.9
28.9
29.0
29.1
29.2
28.9
29.0
29.1
29.2
29.2
29.0
29.0
29.1
29.1
29.2
29.1
28.9
29.1
29.1
29.2
29.3
29.0
29.1
29.1
29.2
29.4
29.2
29.1
29.2
29.2
29.3
29.2
29.0
29.1
29.2
36.8
29.3
29.0
28.9
29.1
29.2
29.3
29.1
29.1
29.5
30.0
29.9
30.0
29.6
29.6
29.8
29.8
29.8
29.4
29.4
29.4
29.9
29.8
29.5
29.5
29.6
29.6
29.7
29.6
29.2
29.3
29.3
29.2
29.0
29.0
29.1
29.2
29.2
29.0
28.8
28.9
29.0
29.1
29.2
29.0
29.0
29.2
29.2
29.2
28.9
29.0
29.1
29.2
29.2
29.1
29.1
29.2
29.3
29.3
29.4
29.0
29.1
29.2
29.3
29.3
29.2
29.1
29.1
29.2
29.3
29.4
29.1
29.1
29.2
29.3
29.3
29.0
29.0
29.1
29.2
29.3
29.3
29.0
29.2
29.3
29.4
29.4
29.1
29.0
29.2
29.3
29.3
29.1
28.9
28.9
29.1
29.2
29.0
28.8
29.0
29.2
29.3
29.4
29.0
29.0
29.1
29.2
29.3
29.8
35.1
29.7
29.7
29.7
29.4
29.3
29.4
29.5
29.5
29.5
29.2
29.2
29.3
29.5
29.5
29.1
29.1
29.2
29.3
29.3
29.1
29.1
29.0
29.0
29.2
28.9
28.8
28.9
29.1
29.1
29.1
28.9
28.9
29.1
29.1
29.2
28.9
29.0
29.1
29.2
29.3
29.0
29.0
34.7
34.9
34.3
28.2
28.1
28.4
28.5
28.6
28.6
28.5
28.5
28.7
28.8
28.9
28.6
28.7
28.9
29.0
29.0
28.7
28.8
29.0
29.1
29.2
29.2
28.9
29.0
29.1
29.2
29.3
29.0
29.0
29.1
29.2
29.3
29.0
29.0
29.2
29.3
29.2
28.8
28.9
29.0
29.1
29.2
29.0
28.9
29.0
29.0
29.1
29.2
28.9
29.0
29.1
29.2
29.2
28.9
29.0
29.1
29.2
29.2
29.0
29.0
29.1
29.2
29.3
29.3
29.0
29.1
29.1
29.1
29.3
28.9
29.0
29.2
29.2
29.3
29.3
29.0
28.9
29.0
29.0
29.0
28.7
28.8
29.0
29.1
29.2
28.9
29.0
29.1
29.1
29.2
29.2
28.9
29.0
29.0
29.1
29.1
28.8
29.0
29.0
29.2
29.3
29.1
28.9
29.1
29.2
29.2
29.3
29.0
29.1
29.2
29.3
29.2
28.9
28.9
29.1
29.2
29.3
29.1
29.0
28.9
29.1
29.1
29.2
28.8
28.9
29.0
29.1
29.2
28.9
29.0
29.1
29.1
29.3
29.2
28.9
29.0
29.0
29.1
29.2
28.9
29.0
29.1
29.2
29.2
29.0
28.9
29.0
29.0
29.1
29.0
28.8
28.9
29.0
29.1
29.1
28.8
28.9
29.0
29.1
29.3
29.0
29.0
29.1
29.2
29.3
29.0
28.9
29.0
29.1
29.2
29.2
29.0
29.1
29.2
29.3
29.3
28.9
29.0
29.1
29.2
29.2
29.0
29.1
29.2
29.2
29.3
29.2
29.0
29.0
29.1
29.3
29.3
29.0
29.1
29.2
29.2
29.3
29.3
29.0
29.1
29.2
29.3
29.3
29.0
29.0
29.1
29.3
29.3
29.1
29.1
29.2
29.3
29.3
29.1
29.0
28.9
28.9
29.0
28.8
28.6
28.8
28.9
29.0
28.7
28.8
28.8
28.9
29.0
28.9
28.8
28.9
28.9
29.0
29.1
28.8
28.9
28.9
29.0
29.1
28.8
28.9
29.0
29.0
29.0
28.9
28.8
28.9
29.1
29.1
29.1
28.8
28.7
28.9
28.9
29.0
28.8
28.9
29.0
29.1
29.1
29.2
28.9
29.0
29.2
29.2
29.3
29.0
28.9
28.9
29.1
29.0
28.7
28.8
28.9
28.9
29.0
28.8
28.8
28.9
29.0
29.1
29.0
28.8
29.0
29.0
29.1
29.2
28.9
29.0
29.1
29.2
29.2
28.9
28.8
28.9
29.0
29.1
28.8
28.9
29.1
29.2
29.3
28.9
29.1
29.1
29.2
29.2
29.1
29.0
29.0
29.1
29.2
29.3
29.0
29.0
29.2
29.3
29.4
29.1
29.1
29.1
29.2
29.3
29.2
29.0
29.1
29.0
29.1
29.1
28.9
29.0
29.0
29.2
29.3
28.9
29.0
29.1
29.2
29.2
29.1
28.9
29.0
29.1
29.1
29.2
28.9
29.1
29.1
29.2
29.2
29.1
28.9
29.0
29.1
29.2
29.3
29.0
29.0
29.2
29.2
29.2
29.1
28.9
29.0
29.1
29.1
29.1
28.8
29.0
29.0
29.0
29.1
28.8
28.9
28.9
29.1
29.2
29.3
29.0
29.2
29.2
29.3
29.3
29.0
29.0
29.0
29.0
29.1
28.8
28.8
29.0
29.1
29.1
29.1
29.0
28.9
29.0
29.1
29.0
28.9
28.9
29.0
29.1
29.0
28.8
28.9
29.0
29.1
29.1
28.9
29.0
29.1
29.1
29.2
29.0
29.0
29.1
29.2
29.3
29.0
29.0
29.1
29.1
29.2
29.3
29.0
29.1
29.2
29.3
29.3
29.0
29.0
29.1
29.2
29.3
29.2
29.1
29.2
29.3
29.4
29.5
29.2
29.2
29.3
29.3
29.3
29.0
28.9
29.0
29.1
29.2
29.2
28.9
29.0
29.0
29.1
29.2
29.0
28.9
29.0
29.0
29.1
29.0
28.9
29.0
29.1
29.2
29.2
28.9
28.9
29.0
29.1
29.2
28.9
28.9
29.0
29.0
29.1
29.1
28.8
28.9
