56.5
77.3
37.6
37.2
37.2
37.5
47.0
41.1
32.0
37.8
44.3
37.2
36.8
36.4
29.7
30.1
30.4
37.4
37.5
37.0
28.0
27.8
27.5
27.4
27.3
27.1
27.0
26.9
26.8
26.7
27.0
26.8
26.7
36.1
29.9
29.4
29.5
29.6
29.6
29.3
29.4
29.6
29.6
29.6
29.3
29.4
29.4
29.5
29.6
29.3
29.3
29.3
29.4
29.6
29.4
29.4
29.7
29.7
29.8
29.9
29.4
29.7
29.6
29.7
29.6
29.4
29.3
29.4
29.5
29.5
29.2
29.3
29.3
29.3
29.4
29.2
29.1
29.4
29.4
29.4
29.5
29.1
29.1
29.2
29.4
29.5
29.2
29.3
29.4
29.5
29.4
29.1
29.2
29.4
29.5
29.6
29.3
29.3
29.4
29.4
29.4
29.3
29.2
29.2
29.4
29.5
29.3
29.0
29.3
29.3
29.4
29.3
29.0
29.0
29.1
29.1
29.3
29.2
29.0
29.1
29.2
29.2
29.2
29.0
28.9
29.2
29.3
29.4
29.2
29.0
29.1
29.2
29.2
29.1
29.0
29.0
29.2
29.4
29.8
29.4
29.4
29.4
29.3
29.5
29.2
29.2
29.3
29.3
29.4
29.4
29.2
29.3
29.4
29.4
29.5
29.2
29.2
29.4
29.5
29.6
29.4
29.2
29.3
29.5
29.5
29.6
29.2
29.3
29.3
29.3
29.4
29.2
29.1
29.2
29.3
29.4
29.3
29.1
29.2
29.3
29.4
29.4
29.2
29.3
29.4
29.5
29.6
29.2
29.3
29.4
29.5
29.6
29.4
29.2
29.3
29.5
29.5
29.5
29.2
29.1
29.2
29.3
29.4
29.2
29.1
29.1
29.2
29.3
29.3
28.9
29.0
29.1
29.2
29.2
29.0
29.1
29.1
29.1
29.2
29.2
29.1
29.1
29.2
29.3
29.2
29.1
29.2
29.3
29.4
29.4
29.1
29.2
29.1
29.2
29.2
28.9
29.0
29.0
29.2
29.1
29.0
28.9
29.0
29.1
29.1
29.1
28.9
29.0
29.1
29.5
30.1
29.7
29.7
29.7
29.7
29.7
29.7
29.4
29.5
36.6
29.7
29.7
29.4
29.6
29.7
29.7
29.7
29.4
29.2
29.3
29.8
29.8
29.7
29.4
29.4
29.4
29.5
29.5
29.1
29.2
29.3
29.4
29.5
29.1
29.2
29.2
29.3
29.4
29.1
29.1
29.2
29.3
29.4
29.4
29.1
29.2
29.2
29.3
29.4
29.0
29.0
29.1
29.2
29.3
29.0
29.0
29.0
29.1
29.2
29.2
29.0
29.0
29.2
29.2
29.4
29.0
29.1
29.1
29.3
29.3
29.3
29.1
29.2
29.2
29.2
29.3
29.0
29.1
29.1
29.2
29.2
29.1
29.0
29.1
29.2
29.2
29.2
29.0
29.0
28.9
29.0
29.1
28.8
28.8
28.9
29.1
29.3
28.9
28.9
29.1
29.1
29.2
28.9
29.0
28.9
29.0
29.1
29.2
29.5
29.5
29.6
29.6
29.6
29.3
29.3
29.4
29.4
29.4
29.1
29.2
29.2
29.3
29.3
29.0
29.1
29.2
29.2
29.2
29.1
28.9
29.1
29.2
29.2
29.4
29.0
29.0
29.1
29.0
29.1
28.9
28.9
29.0
29.1
29.1
28.9
28.8
28.9
29.0
29.1
29.1
28.8
29.0
37.4
30.1
30.0
29.8
29.6
29.6
29.6
29.7
29.8
29.4
29.4
29.4
29.5
29.5
29.2
29.2
29.3
29.4
29.4
29.2
29.0
29.2
29.3
29.4
29.4
29.0
29.1
29.2
29.2
29.3
29.2
29.0
29.1
29.2
29.2
29.2
28.9
28.9
28.9
29.0
29.0
28.8
28.9
29.2
29.2
29.3
29.0
29.0
29.1
29.2
29.2
29.0
28.9
28.9
29.0
29.1
29.2
28.9
28.9
29.0
29.0
29.1
28.8
28.8
29.0
29.1
29.1
29.0
28.9
28.9
29.0
29.1
29.2
28.9
29.0
29.1
29.1
29.2
28.9
29.0
29.1
29.1
29.2
29.0
29.1
29.1
29.2
29.3
29.1
29.0
29.1
29.2
29.3
29.2
29.1
29.0
29.2
29.2
29.3
29.0
29.1
29.2
29.3
29.3
29.2
29.0
29.1
29.2
29.3
29.3
29.0
29.1
29.2
29.2
29.3
29.3
29.1
29.2
29.3
29.3
29.3
29.0
29.1
29.2
29.2
29.2
29.0
28.9
29.0
29.0
29.0
28.7
28.9
29.0
29.2
29.3
29.3
29.0
29.1
29.2
29.3
29.3
29.0
29.1
29.1
29.3
29.3
29.1
28.9
29.1
29.2
29.2
29.2
28.8
28.9
28.9
29.0
29.2
28.8
28.9
29.0
29.1
29.1
29.0
29.0
29.1
29.2
29.2
29.3
29.0
29.0
29.0
29.1
29.1
28.8
28.9
29.0
29.1
29.1
29.0
28.9
29.0
29.1
29.2
29.2
28.9
29.0
29.1
29.3
29.3
29.0
29.1
29.1
29.2
29.3
29.1
29.1
29.2
29.2
29.2
29.1
28.9
28.9
29.0
29.2
29.3
28.9
29.0
29.0
29.1
29.2
28.9
29.0
29.0
29.1
29.2
29.1
28.9
29.0
29.1
29.2
29.3
28.9
29.0
29.2
29.3
29.3
29.1
29.1
29.2
29.3
29.2
28.9
29.0
29.0
29.1
29.2
29.0
28.8
28.9
29.1
29.2
29.2
29.0
29.1
29.2
29.2
29.3
29.3
29.1
29.2
29.3
29.4
29.4
29.1
29.1
29.2
29.3
29.4
29.2
29.2
29.2
29.3
29.3
29.3
29.0
29.1
29.2
29.3
29.4
29.0
29.0
29.1
29.1
29.2
28.9
29.0
29.1
29.2
29.2
29.2
28.9
29.0
29.0
29.1
29.2
28.9
28.9
29.3
29.4
29.5
29.1
29.1
29.1
29.1
29.2
28.9
28.9
29.0
29.1
29.2
29.0
29.0
29.1
29.1
29.2
29.3
28.9
29.0
29.1
29.2
29.3
29.2
28.9
29.1
29.1
29.2
29.2
28.9
29.0
29.1
29.1
29.2
28.9
28.8
28.9
29.0
29.1
28.8
28.9
29.0
29.1
29.2
29.3
28.9
29.0
29.1
29.1
29.2
28.8
28.9
29.0
29.1
29.1
29.0
28.9
29.0
29.1
29.2
29.2
28.9
29.1
29.2
29.3
29.3
29.0
29.1
29.1
29.2
29.3
29.1
29.0
29.1
29.1
29.2
29.0
28.8
29.0
29.0
29.1
29.2
28.9
29.0
29.1
29.2
29.2
28.9
29.0
29.0
29.2
29.3
29.2
29.0
29.0
29.0
29.1
29.1
28.9
29.0
29.1
29.2
29.3
29.0
29.0
29.1
29.2
29.2
29.0
28.9
29.0
29.1
29.2
29.3
29.0
29.0
29.1
29.1
29.2
28.9
29.0
29.1
29.0
29.1
28.9
29.0
29.1
29.1
29.2
29.0
28.9
29.0
29.0
29.1
29.0
28.8
28.9
29.0
29.1
29.2
28.8
29.0
29.0
29.1
29.2
28.9
28.9
29.0
29.1
29.1
28.9
28.8
28.9
29.1
29.2
29.2
29.0
29.0
29.1
29.2
29.2
28.9
29.0
29.1
29.1
29.0
28.8
28.9
28.9
29.1
29.0
29.0
28.8
29.0
29.0
29.1
29.1
28.9
28.9
29.0
28.9
29.1
28.8
28.8
28.9
29.0
29.1
29.2
29.0
29.1
29.2
29.3
29.4
29.1
