43.4
49.9
49.9
49.9
49.8
49.8
49.8
49.6
49.4
49.4
49.5
49.6
49.6
49.7
49.7
49.5
49.4
49.6
49.6
49.8
49.8
49.9
50.0
50.1
50.2
50.0
49.9
50.0
49.9
50.0
50.0
50.0
50.0
50.1
50.1
50.2
50.3
50.3
50.4
50.4
50.4
50.5
50.5
50.5
50.6
50.7
50.8
50.7
50.7
50.8
50.8
50.8
50.8
50.7
50.8
50.7
50.7
50.7
50.5
50.4
50.4
50.3
50.2
50.2
50.2
50.3
50.4
50.4
50.5
50.5
50.6
50.6
50.6
50.6
50.7
50.4
50.4
50.3
50.4
50.3
50.3
50.3
50.3
50.2
50.3
50.3
50.4
50.0
50.0
50.1
50.2
50.3
50.2
49.9
49.9
49.9
50.0
50.1
50.2
50.2
50.3
50.2
50.2
50.2
50.3
50.3
50.3
49.8
41.8
48.0
48.2
48.5
48.8
48.9
49.0
49.2
49.4
49.6
49.6
49.8
49.8
49.9
50.0
50.1
50.1
50.2
50.2
50.2
50.3
50.2
50.2
50.3
50.3
50.4
50.4
50.5
50.5
50.5
50.5
50.6
50.5
50.6
50.6
50.7
50.8
50.8
50.7
50.7
50.8
50.8
50.7
50.7
50.8
50.9
51.0
51.0
50.9
50.9
50.9
50.9
50.8
50.8
50.9
50.9
50.9
51.2
51.2
51.2
51.2
51.1
51.1
51.1
51.1
51.1
51.0
51.1
51.0
50.9
50.8
50.8
50.7
50.8
50.8
50.8
50.8
50.8
50.7
50.8
50.8
51.0
50.9
51.0
51.0
51.1
51.1
51.0
51.1
50.9
50.8
50.9
50.7
50.5
50.4
50.4
50.4
50.4
50.3
50.4
50.3
50.3
50.4
50.4
50.1
50.2
50.2
50.2
50.3
50.3
50.4
50.5
50.6
50.6
50.7
50.7
50.8
50.8
50.9
50.9
51.0
51.0
51.1
51.0
51.1
51.1
51.1
51.2
51.2
51.3
51.3
51.3
51.3
51.3
51.6
51.5
51.8
51.8
64.0
63.9
63.9
63.8
63.9
63.6
52.0
51.9
51.9
51.8
51.6
51.4
60.9
60.2
52.0
51.8
51.8
51.6
51.5
51.5
51.4
51.4
51.4
51.3
51.3
51.2
51.1
51.1
51.1
51.1
51.1
51.1
51.1
51.0
50.8
50.8
50.7
50.7
50.8
50.9
51.0
51.1
51.0
51.0
51.0
50.9
50.8
50.8
50.8
50.8
50.8
50.8
50.7
50.8
50.8
50.7
50.8
50.8
50.7
50.7
50.7
50.7
50.7
50.7
50.6
50.7
50.7
50.9
50.8
50.8
50.8
