34.5
41.6
41.5
41.0
40.7
40.6
41.2
41.6
42.0
42.4
42.3
42.4
42.4
42.7
42.6
42.2
35.5
35.6
36.0
43.4
43.6
43.2
42.8
43.0
43.2
43.4
43.4
43.6
43.7
43.8
43.9
44.1
44.2
44.2
44.2
44.3
44.3
44.2
44.3
44.3
44.2
44.2
44.3
44.2
39.1
39.3
39.5
39.7
39.9
40.5
41.1
41.5
41.8
41.4
41.0
35.9
36.3
36.6
43.6
43.7
43.9
44.0
44.2
44.4
44.5
44.6
44.8
44.9
45.0
45.0
45.0
45.0
44.8
38.6
38.4
43.6
43.2
42.9
42.5
42.4
42.3
41.8
41.8
42.2
42.5
37.2
36.8
37.3
37.7
37.9
37.9
38.0
38.6
44.5
44.1
43.6
38.2
38.5
38.6
38.5
45.1
45.1
45.2
45.3
45.4
45.4
45.4
45.5
45.6
45.7
45.7
45.7
45.7
45.8
45.8
45.7
45.7
45.4
44.9
44.7
44.8
44.8
44.9
44.9
45.0
45.0
44.9
45.0
45.1
45.1
45.1
44.5
44.3
43.8
43.5
43.1
37.6
45.3
45.3
45.4
45.4
45.5
45.5
45.5
45.5
45.5
45.5
45.5
45.1
38.0
43.6
43.8
43.9
44.1
44.3
44.4
44.5
44.7
44.7
44.8
44.9
45.0
45.1
45.2
45.2
45.3
45.4
45.4
45.4
45.5
45.6
45.4
45.4
45.4
45.5
45.5
45.5
45.6
45.6
45.7
45.8
45.8
45.9
45.8
45.3
45.0
44.7
44.8
45.0
45.1
45.2
45.3
45.4
45.5
45.5
45.6
45.7
45.8
45.8
45.8
45.9
45.9
45.9
45.9
45.9
45.9
45.9
46.0
45.9
46.0
46.0
46.0
46.0
46.0
46.0
46.0
46.0
46.1
46.0
46.0
46.1
46.1
46.1
46.0
45.8
45.7
45.5
45.4
45.4
45.4
45.5
45.6
45.7
45.7
45.7
45.7
45.7
45.7
45.7
45.7
45.6
45.4
45.0
45.1
44.5
44.0
43.7
43.4
43.2
43.4
43.7
43.9
44.1
44.2
44.2
44.4
44.5
44.5
44.7
44.7
44.8
44.9
45.0
45.1
45.1
45.3
45.4
45.5
45.6
45.6
45.6
45.7
45.7
45.7
45.4
45.5
45.5
45.6
45.7
45.5
45.0
44.9
39.5
39.3
39.1
39.0
39.2
39.6
39.8
39.6
39.6
40.2
40.7
46.1
46.0
45.9
