26.9
26.9
27.0
27.0
27.0
27.0
27.0
27.0
27.0
27.0
27.0
27.1
27.0
27.0
27.0
27.0
27.0
27.0
27.0
27.0
27.0
27.0
27.0
27.0
27.0
27.0
26.9
26.9
26.9
26.9
26.9
27.0
27.0
26.9
26.9
27.0
27.0
27.0
27.0
27.0
27.0
26.9
27.0
27.0
27.0
26.9
27.0
27.0
27.0
26.9
26.9
27.0
27.0
27.0
27.0
27.0
27.0
27.0
27.0
27.0
27.0
27.0
27.0
27.0
27.1
27.0
27.0
27.0
27.0
27.0
27.1
27.1
27.1
27.1
27.1
27.1
27.1
27.2
27.1
27.1
27.1
27.1
27.1
27.1
27.0
27.0
27.0
27.0
27.0
27.0
27.0
26.9
27.0
26.9
27.0
26.9
26.9
26.9
26.9
27.0
27.0
27.0
27.0
27.0
27.0
27.0
27.0
27.0
27.0
27.0
27.0
27.0
27.1
27.0
27.1
27.1
27.1
27.1
27.0
27.1
27.0
27.0
27.0
27.0
27.0
27.0
27.0
27.0
27.0
27.0
27.0
27.0
27.1
27.1
27.1
27.0
27.0
27.0
27.0
27.0
27.0
27.0
27.0
27.0
27.1
27.0
27.0
27.0
27.0
27.0
27.0
27.0
27.0
27.0
27.0
27.0
27.0
27.0
27.0
27.1
27.2
27.2
27.5
27.3
27.3
27.3
27.3
27.2
27.1
27.1
27.1
27.1
27.0
27.1
27.0
27.0
27.0
27.0
27.1
27.1
27.1
27.0
27.1
27.0
27.0
27.0
27.0
27.0
27.1
27.0
27.0
27.1
27.1
27.1
27.1
27.1
27.1
27.1
27.1
27.1
27.1
27.1
27.1
27.0
27.0
27.0
27.0
27.0
27.0
27.0
27.0
27.0
27.0
26.9
27.0
27.0
27.0
27.0
26.9
26.9
26.9
26.9
26.9
26.9
27.0
26.9
27.0
26.9
27.0
27.0
26.9
26.9
27.0
27.0
27.0
27.0
26.9
26.9
27.0
27.0
27.0
27.0
27.1
27.0
27.0
27.1
27.1
27.0
27.0
27.0
27.0
27.1
27.1
27.0
27.0
27.0
27.0
27.0
27.0
27.0
27.0
27.0
27.0
27.0
27.0
27.0
27.0
27.1
27.1
27.1
27.1
27.1
27.6
27.6
27.5
27.4
27.3
27.3
27.2
27.2
27.2
27.1
27.1
27.1
27.1
27.1
27.1
27.0
27.1
27.1
27.1
27.1
27.1
27.1
27.1
27.1
27.1
27.1
27.1
27.1
27.1
27.1
27.1
27.1
27.1
27.1
27.1
27.1
27.1
27.0
27.0
27.0
27.0
27.1
33.6
27.2
27.2
27.1
27.1
27.1
27.1
27.1
27.1
27.1
27.1
27.0
27.0
27.1
27.0
27.0
27.0
27.0
27.0
27.0
27.0
27.0
27.0
27.0
27.0
27.0
27.0
27.1
27.1
27.1
27.1
27.0
27.0
27.1
27.0
27.0
27.1
27.1
27.1
27.0
27.1
27.0
27.0
27.0
27.0
27.1
27.0
27.0
27.0
27.0
27.0
27.0
27.0
27.0
27.0
27.0
27.0
27.1
27.1
27.1
27.1
27.0
27.0
27.0
27.0
27.0
27.0
27.0
27.0
26.9
27.0
26.9
26.9
26.9
27.0
27.0
27.0
27.0
27.0
27.0
27.0
27.0
27.0
27.0
27.0
27.1
27.1
27.0
27.0
27.0
27.0
27.1
27.0
27.0
27.0
27.0
27.0
27.0
27.0
27.0
27.0
27.0
27.0
27.0
27.0
27.1
27.1
27.1
27.3
27.2
27.2
27.2
27.2
27.2
27.1
27.1
27.1
27.1
27.1
27.1
27.1
27.1
27.1
27.1
27.0
27.0
27.1
27.1
27.1
27.1
27.1
27.0
27.1
27.0
27.0
27.0
27.0
27.0
27.0
27.0
27.0
27.1
27.1
27.0
27.0
27.2
27.4
27.3
27.3
27.2
27.2
27.2
27.2
27.1
27.1
27.1
27.1
27.1
