29.6
29.9
30.2
30.7
49.9
49.8
44.1
32.2
31.8
31.8
31.8
31.6
31.9
31.7
31.6
31.5
31.5
31.4
31.1
31.1
31.1
31.1
31.2
31.0
31.2
31.2
31.4
31.5
31.3
31.5
31.6
37.6
37.2
32.0
32.3
32.2
46.3
40.9
40.8
27.4
27.6
27.9
28.2
28.5
28.6
28.4
28.5
28.8
28.8
28.9
29.1
28.9
29.0
29.2
29.3
29.4
29.1
29.2
29.3
29.4
29.5
29.5
29.4
29.4
29.5
29.6
29.7
29.3
29.5
29.5
29.5
29.6
29.3
29.3
29.4
29.4
29.5
29.5
29.2
29.3
29.4
29.5
29.7
29.7
29.4
29.5
29.7
29.7
29.7
29.4
29.4
29.4
29.6
29.6
29.4
29.3
29.4
29.5
29.6
29.7
29.4
29.3
29.4
29.5
29.6
29.5
29.3
29.5
29.6
29.6
29.6
29.2
29.3
29.4
29.5
29.6
29.5
29.4
29.4
29.5
29.6
29.7
29.3
29.3
29.4
29.4
29.5
29.6
29.6
29.6
29.7
29.7
29.7
29.5
29.4
29.5
29.6
29.7
29.7
29.4
29.4
29.5
29.5
29.5
29.6
29.2
29.2
29.3
29.3
29.4
29.1
29.2
29.3
29.4
29.5
29.5
29.3
29.4
29.5
29.5
29.6
29.4
29.3
29.5
29.5
29.6
29.7
29.5
29.3
29.4
29.4
29.5
29.6
29.3
29.3
29.5
29.5
29.6
29.6
29.3
29.3
29.4
29.5
29.5
29.3
29.3
29.3
29.3
29.4
29.4
29.2
29.3
29.4
29.6
29.6
29.4
29.4
29.4
29.5
29.5
29.6
29.3
29.3
29.4
29.5
29.5
29.6
29.3
29.4
29.5
29.6
29.6
29.5
29.4
29.5
29.5
29.6
29.6
29.3
29.3
29.4
29.5
29.5
29.5
29.2
29.3
29.4
29.5
29.5
29.3
29.1
29.2
29.1
29.3
29.5
29.1
29.2
29.4
29.4
29.5
29.2
29.0
29.2
29.3
29.4
29.5
29.3
29.2
29.3
29.4
29.5
29.6
29.3
29.2
29.3
29.4
29.5
29.4
29.2
29.3
29.4
29.4
29.6
29.3
29.3
29.4
29.4
29.4
29.4
29.1
29.1
29.2
29.4
29.3
29.4
29.1
29.1
29.2
29.3
29.4
29.2
29.2
29.3
29.4
29.4
29.5
29.3
29.5
29.6
29.6
29.7
29.5
29.4
29.4
29.5
29.6
29.6
29.3
29.3
29.4
29.4
29.4
29.5
29.2
29.2
29.3
29.4
29.5
29.6
29.3
29.4
29.5
29.6
29.7
29.6
29.3
29.4
29.4
29.5
29.6
29.4
29.3
29.3
29.4
29.5
29.5
29.2
29.2
29.3
29.4
29.5
29.3
29.3
29.3
29.4
29.4
29.5
29.1
29.4
29.5
29.5
29.5
29.5
29.2
29.3
29.4
29.5
29.5
29.5
29.2
29.3
29.4
29.5
29.6
29.5
29.4
29.4
29.6
29.6
29.7
29.4
29.5
29.5
29.5
29.5
29.4
29.2
29.2
29.3
29.4
29.5
29.3
29.2
29.3
29.4
29.4
29.5
29.3
29.2
29.3
29.3
29.4
29.5
29.2
29.3
29.4
29.5
29.6
29.4
29.2
29.3
29.3
29.3
29.4
29.1
29.1
29.2
29.2
29.3
29.1
29.1
29.2
29.3
29.4
29.5
29.2
29.1
29.2
29.3
29.3
29.1
29.1
29.1
29.2
29.3
29.1
29.0
29.2
29.3
29.3
29.4
29.1
29.2
29.3
29.4
29.5
29.5
29.2
29.3
29.5
29.5
29.5
29.3
29.2
29.3
29.3
29.3
29.3
29.1
29.2
29.2
29.3
29.5
29.3
29.3
29.4
29.5
29.4
29.4
29.2
29.3
29.4
29.4
29.4
29.1
29.2
29.1
29.2
29.3
29.2
29.0
29.2
29.2
29.3
29.2
28.9
29.0
29.1
29.2
29.2
29.3
29.1
29.2
29.3
29.4
29.5
29.2
29.2
29.3
29.4
29.4
29.5
29.2
29.2
29.3
29.3
29.4
29.2
29.0
29.0
29.1
29.6
29.6
29.4
29.5
29.6
29.5
29.5
29.5
29.2
29.3
29.4
29.4
29.5
29.3
29.2
29.3
29.3
29.4
29.3
29.1
29.2
29.3
29.2
29.3
29.0
29.1
29.3
29.4
29.4
29.2
29.2
29.2
29.3
29.4
29.4
29.1
29.2
29.1
29.2
29.3
29.1
29.1
29.3
29.4
29.5
29.6
29.2
29.3
29.4
29.5
29.6
29.5
29.3
29.3
29.5
29.6
29.6
29.4
29.3
29.4
29.4
29.6
29.6
29.2
29.3
29.3
29.3
29.3
29.1
29.1
29.2
29.2
29.3
29.4
29.1
29.1
29.2
29.3
29.5
29.4
29.2
29.3
29.3
29.4
29.5
29.2
29.1
29.1
29.2
29.3
29.3
29.0
29.1
29.2
29.2
29.3
29.2
29.0
29.1
29.3
29.3
29.2
29.0
29.1
29.2
29.3
29.3
29.0
29.0
29.2
29.4
29.4
29.5
29.1
29.2
29.3
29.4
29.5
29.4
29.1
29.2
29.3
29.4
29.4
29.4
29.2
29.3
29.3
29.3
29.4
29.2
29.1
29.1
29.2
29.2
29.1
28.9
29.0
29.1
29.2
29.2
29.1
29.0
29.2
29.2
29.3
29.4
29.1
29.1
29.2
29.3
29.3
29.4
29.1
29.2
29.3
29.4
29.5
29.5
29.2
29.3
29.3
29.3
29.4
29.2
29.2
29.2
29.3
29.4
29.5
29.1
29.2
29.3
29.4
29.4
29.3
29.1
29.2
29.3
29.3
29.3
29.0
29.1
29.2
29.2
29.3
29.1
29.0
29.0
29.1
29.2
29.3
29.0
29.0
29.1
29.2
29.3
29.4
29.0
29.1
29.3
29.4
29.4
29.2
29.2
29.4
29.5
29.5
29.6
29.2
29.2
29.3
29.4
29.4
29.3
29.2
29.3
29.4
29.5
29.5
29.2
29.2
29.1
29.2
29.2
29.2
29.0
29.1
29.2
29.2
29.3
29.0
29.1
29.2
29.3
29.4
29.6
29.2
29.2
29.4
29.4
29.5
29.4
29.2
29.3
29.4
29.4
29.4
29.2
29.1
29.2
29.3
29.3
29.2
29.1
29.1
