39.1
39.3
39.4
39.8
39.7
39.5
39.3
39.0
39.6
45.3
45.3
45.3
45.3
45.3
45.2
39.9
40.5
45.7
45.5
45.5
45.5
45.5
45.4
36.8
36.7
36.7
36.9
37.4
37.9
45.7
45.7
45.8
45.8
45.8
45.8
45.8
45.8
45.8
45.8
45.8
45.6
45.5
45.5
45.5
40.1
40.0
40.4
40.3
40.6
40.3
40.2
40.3
40.5
41.1
41.0
40.8
40.7
40.6
41.1
41.7
42.2
42.7
43.1
43.5
43.6
43.9
43.9
44.2
44.4
44.6
44.6
44.8
44.9
45.0
45.1
45.3
45.4
45.4
45.5
45.6
45.7
45.8
45.8
45.8
45.9
45.9
45.8
45.7
40.1
40.0
45.5
45.5
45.5
45.6
45.6
45.8
45.9
45.9
45.9
45.9
45.9
45.9
45.9
45.8
45.8
45.7
45.7
45.8
45.8
45.8
45.8
45.8
45.8
45.8
45.8
45.9
45.8
45.8
45.8
45.8
45.8
45.7
45.7
45.8
45.8
45.8
45.9
45.8
45.9
45.9
45.9
45.8
45.9
45.5
44.9
37.2
37.1
37.5
44.3
44.3
44.5
44.7
44.9
45.0
45.1
45.2
45.2
45.3
45.4
45.4
45.5
45.4
45.0
45.1
45.3
45.1
45.2
45.3
45.3
45.4
45.5
45.5
45.5
45.5
45.6
45.5
45.3
51.7
46.5
46.3
46.1
39.1
39.1
45.1
45.1
45.2
45.3
45.3
45.4
45.4
45.4
45.3
45.3
45.3
45.2
45.3
45.4
45.5
45.5
45.6
45.5
45.3
45.2
45.1
44.7
44.7
44.9
45.0
45.0
45.0
45.1
45.2
45.3
45.4
45.4
45.5
45.5
45.6
45.7
45.8
45.2
45.1
45.2
45.3
45.4
45.3
45.4
45.6
45.6
45.7
45.8
45.9
45.9
45.9
45.9
45.9
45.9
45.9
45.8
45.9
45.9
36.6
36.7
44.5
44.6
44.8
44.8
44.5
43.9
38.8
39.0
39.2
39.4
39.4
39.6
39.6
39.9
40.0
40.4
40.4
40.1
40.1
40.2
40.4
40.1
39.8
40.3
40.7
41.1
41.4
41.4
42.0
42.5
43.0
43.3
43.5
43.9
44.2
44.4
44.7
44.8
44.5
44.4
44.2
44.3
44.6
44.7
45.0
50.3
63.4
63.1
62.9
46.1
46.1
46.1
46.0
46.0
45.9
45.9
45.9
46.0
40.9
40.9
40.6
40.6
41.0
46.1
46.1
46.0
45.5
45.0
