26.2
37.0
37.2
37.4
37.3
37.1
36.9
37.5
44.3
44.2
44.0
43.7
43.8
43.8
43.8
43.9
44.0
32.8
41.3
41.9
42.1
42.1
41.8
41.3
40.7
40.4
40.1
40.0
40.3
40.6
40.9
41.0
41.3
41.4
41.7
42.0
42.3
42.6
42.8
33.6
39.1
39.4
39.5
39.2
38.8
39.3
44.5
44.5
44.5
44.5
44.6
44.5
44.4
44.5
44.5
44.5
44.5
44.5
44.4
44.5
44.4
44.4
44.3
44.3
44.3
44.3
44.3
44.3
44.3
44.4
44.4
44.4
44.4
44.4
44.5
44.6
44.6
44.7
44.7
44.7
44.2
43.8
43.4
43.5
43.4
43.3
42.8
42.7
42.9
43.2
43.4
43.6
43.7
43.9
44.0
44.2
44.2
44.3
44.3
44.3
44.3
44.4
44.4
44.4
44.4
44.5
44.8
44.9
44.8
44.8
44.8
44.7
44.7
44.7
44.7
44.6
44.6
44.6
44.6
44.6
44.6
44.6
44.6
44.6
44.6
44.6
44.6
44.4
44.2
44.0
43.7
43.3
43.2
43.1
43.1
43.3
43.4
43.3
42.9
37.8
37.6
37.5
37.3
43.0
43.1
43.1
43.1
43.3
43.5
43.7
43.9
44.1
44.3
44.3
44.2
44.4
44.4
44.5
44.5
44.5
44.6
44.5
44.6
44.6
44.6
44.7
44.8
44.8
44.9
45.0
45.0
45.0
44.8
44.8
44.9
44.9
44.9
45.0
45.1
45.2
45.2
45.2
45.2
45.3
45.3
45.3
45.2
45.2
40.1
40.3
40.7
40.8
40.9
40.8
41.0
41.3
41.6
41.8
41.7
41.7
41.9
41.8
41.5
42.0
42.1
42.2
42.7
43.0
43.2
43.5
43.8
44.0
44.2
44.4
44.5
44.6
44.7
44.9
44.9
45.0
45.1
45.0
45.0
44.9
44.8
44.7
44.6
44.7
44.8
44.8
44.8
44.9
45.0
45.1
45.1
45.1
39.1
39.6
44.7
44.7
44.8
44.8
44.9
45.0
45.0
45.1
45.1
45.2
45.2
45.3
45.4
45.4
45.4
45.0
45.0
45.0
45.1
44.9
44.9
44.9
45.0
45.0
45.1
45.1
45.1
45.1
45.2
45.2
45.2
45.2
45.3
45.3
45.3
45.2
45.2
45.3
45.3
45.4
45.4
45.4
45.4
45.5
45.5
45.5
45.6
45.5
45.5
45.6
45.6
45.6
45.5
45.5
45.6
45.6
45.6
45.6
45.6
45.6
45.3
