27.5
28.0
33.4
49.5
50.0
43.8
43.5
34.3
34.3
40.1
39.8
33.2
39.1
39.0
38.5
38.1
29.9
30.1
37.4
37.3
36.9
37.0
36.9
36.7
36.9
37.0
36.8
27.4
27.5
27.4
27.3
27.2
27.1
27.1
26.9
26.9
26.8
26.7
27.1
27.0
27.0
28.4
28.2
28.6
29.0
29.1
29.1
29.0
29.1
29.2
29.3
29.4
29.1
29.2
29.3
29.4
29.4
29.1
29.2
29.5
29.6
29.6
29.4
29.4
29.4
29.5
29.9
29.9
29.7
29.8
29.9
30.2
30.3
29.8
29.9
30.0
30.0
30.0
29.6
29.7
29.7
29.7
29.8
29.7
29.4
29.4
29.4
29.5
29.6
29.2
29.3
29.3
29.4
29.3
29.2
29.1
29.2
29.3
29.4
29.2
29.1
29.2
29.4
29.4
29.6
29.2
29.2
29.3
29.4
29.3
29.1
29.1
29.2
29.3
29.4
29.2
29.3
29.3
29.3
29.5
29.4
29.2
29.3
29.2
29.4
29.5
29.2
29.3
29.4
29.4
29.5
29.3
29.5
29.5
29.6
29.6
29.6
29.3
29.4
29.4
29.4
29.5
29.1
29.1
29.2
29.1
29.2
29.2
29.3
29.4
29.4
29.5
29.5
29.2
29.3
29.3
29.4
29.6
29.3
29.3
29.4
29.5
29.8
29.6
29.6
29.6
29.7
29.7
29.7
29.4
29.4
29.4
29.5
29.6
29.4
29.3
29.3
29.7
29.9
29.9
29.5
29.6
29.7
29.6
29.7
29.8
29.5
29.5
29.5
29.5
29.6
29.3
29.6
29.7
29.8
29.8
29.6
29.5
29.5
29.6
29.5
29.7
29.4
29.4
29.5
29.5
29.4
29.3
29.1
29.2
29.3
29.3
29.5
29.1
29.1
29.2
29.3
29.3
29.2
29.1
29.2
29.3
29.4
29.5
29.2
29.3
29.4
29.5
29.5
29.3
29.4
29.4
29.5
29.6
29.4
29.2
29.3
29.4
29.5
29.5
29.1
29.3
29.4
29.5
29.5
29.4
29.2
29.3
29.4
29.5
29.6
29.2
29.4
29.4
29.6
29.7
29.4
29.4
29.5
29.5
38.0
29.5
29.2
29.2
29.2
29.4
29.4
29.1
29.2
29.7
29.8
29.8
29.6
29.7
29.7
29.8
29.8
29.7
29.4
29.4
29.9
30.0
30.0
29.7
29.8
29.7
29.6
29.6
29.3
29.3
29.4
29.5
29.6
29.5
29.2
29.3
29.4
29.4
29.5
29.2
29.2
29.3
29.3
29.4
29.3
29.1
29.2
29.3
29.4
29.4
29.1
29.1
29.2
29.4
29.6
29.2
29.2
29.3
29.4
29.4
29.2
29.1
29.2
29.4
29.5
29.4
29.2
29.3
29.4
29.5
29.5
29.2
29.2
29.3
29.3
29.5
29.2
29.2
29.3
29.4
29.4
29.1
29.0
29.1
29.3
29.4
29.2
29.1
29.2
29.4
29.4
29.4
29.1
29.2
29.3
29.3
29.4
29.4
29.1
29.2
29.3
29.3
29.4
29.1
29.2
29.2
29.3
29.3
42.6
27.2
27.5
27.8
28.1
28.4
28.3
28.5
28.6
28.7
28.8
28.8
28.7
28.8
28.9
29.1
29.2
29.0
29.1
29.2
29.2
29.3
29.1
29.1
29.1
29.2
29.2
29.3
29.0
29.1
29.2
29.3
29.3
29.2
29.0
29.2
29.3
29.5
29.5
29.2
29.2
29.3
29.4
29.4
38.4
37.7
29.9
29.9
29.9
30.0
29.6
29.6
29.6
29.6
29.7
29.4
29.3
29.4
29.4
29.5
29.5
29.1
29.2
29.3
29.4
29.5
29.3
29.3
29.4
29.5
29.5
29.5
29.2
29.2
29.3
29.4
29.5
29.1
29.2
29.2
29.4
29.4
29.1
29.2
29.3
29.4
29.4
29.2
29.1
29.2
29.3
29.3
29.4
29.0
29.2
29.2
29.3
29.4
29.1
29.1
29.2
29.3
29.3
29.3
29.1
29.1
29.2
29.2
29.3
29.0
29.0
29.2
29.3
29.3
29.2
29.1
29.2
29.3
29.5
29.5
29.2
29.2
29.3
29.4
29.5
29.2
29.2
29.3
29.4
29.4
29.3
29.1
29.2
29.3
29.4
29.3
29.1
29.1
29.2
29.2
29.3
29.2
29.2
29.3
29.3
29.3
29.4
29.1
29.1
29.2
29.3
29.4
29.2
29.1
29.1
29.1
29.2
29.2
28.9
29.1
29.2
29.3
29.3
29.4
29.1
29.2
29.3
29.3
29.4
29.2
29.1
29.2
29.3
29.5
29.6
29.2
29.3
29.4
29.5
29.6
29.3
29.2
29.2
29.3
29.4
29.4
29.1
29.2
29.3
29.3
29.4
29.2
29.1
29.2
29.3
29.4
29.5
29.2
29.2
29.3
29.3
29.4
29.1
29.1
29.3
29.4
29.5
29.4
29.1
29.2
29.3
29.4
29.3
29.0
29.1
29.2
29.2
29.3
29.0
29.0
29.1
29.2
29.2
29.2
28.9
29.1
29.2
29.3
29.4
29.1
29.1
29.2
29.3
29.3
29.3
29.0
29.2
29.3
29.4
29.4
29.2
29.0
29.1
29.2
29.3
29.4
29.1
29.2
29.2
29.3
29.4
29.1
29.1
29.1
29.2
29.3
29.3
29.0
29.0
29.2
29.3
29.3
29.0
29.1
29.2
29.3
29.3
29.1
29.1
29.2
29.3
29.4
29.1
29.2
29.3
29.3
29.3
29.2
29.1
29.2
29.2
29.3
29.4
29.1
29.1
29.2
29.3
29.4
29.5
29.1
29.2
29.2
29.2
29.3
29.0
29.0
29.1
29.2
29.3
29.1
28.9
29.0
29.1
29.3
29.3
29.1
29.1
29.1
29.2
29.3
28.9
29.1
29.2
29.2
29.3
29.2
28.9
29.0
29.2
29.2
29.3
28.9
29.1
29.1
29.2
29.3
29.0
29.0
29.1
29.3
29.4
29.2
29.0
29.1
29.2
29.3
29.2
29.0
29.1
29.2
29.3
29.4
29.1
29.0
29.2
29.3
29.3
29.0
29.1
29.1
29.2
29.2
28.9
28.9
29.0
29.1
29.1
29.1
28.9
28.8
28.9
29.1
29.2
28.9
29.0
29.1
29.1
29.2
28.9
29.0
29.1
29.2
29.1
29.0
28.8
28.9
29.0
29.1
29.2
28.9
29.0
29.1
29.2
29.2
29.2
29.0
29.2
29.2
29.3
29.4
29.1
29.1
29.3
29.4
29.5
29.3
29.2
29.3
29.4
29.4
29.5
29.1
29.2
29.2
29.3
29.3
29.1
29.0
29.1
29.2
29.2
29.2
28.9
29.0
29.1
29.1
29.2
29.0
29.0
29.2
29.3
29.3
29.2
29.0
29.2
29.3
29.4
29.4
29.1
29.2
29.3
29.4
29.4
29.5
29.3
29.2
29.3
29.4
29.5
29.2
29.2
29.2
29.3
29.4
29.2
29.1
29.2
29.2
29.3
29.3
29.0
29.1
29.2
29.2
29.3
29.1
29.2
29.2
29.2
29.3
28.9
29.0
29.1
29.2
29.3
29.0
29.1
29.1
29.1
29.2
29.0
28.9
29.0
29.1
29.2
29.0
29.0
29.1
29.1
29.2
29.1
28.8
28.9
28.9
29.0
29.1
28.8
28.9
29.0
29.0
29.1
28.8
28.9
28.9
29.1
29.2
29.0
28.9
29.0
29.1
29.2
29.3
29.0
29.0
29.1
29.2
29.3
28.9
29.0
29.1
29.2
29.3
29.0
29.0
29.0
29.1
29.1
29.1
29.0
29.0
29.2
29.3
29.2
28.9
29.0
29.1
29.1
29.2
