77764 218460 95357 99820 41921127 7278 5240
77655 215931 100404 99829 41921182 7280 5240
77696 218626 90682 99732 41900854 7274 5222
77496 216109 93153 99802 41921784 7279 5244
77960 216934 92524 99801 41921097 7280 5237
77948 217423 94179 99642 41920830 7270 5244
77811 216543 96232 99680 41940839 7282 5240
77629 216327 93389 99816 41921057 7287 5234
77381 215987 106515 99673 41920444 7270 5246
77676 215586 93888 99822 41961064 7281 5250
77828 217702 91526 99833 41901288 7288 5240
77586 215791 91913 100015 41920985 7275 5252
77670 216963 98275 99953 41941597 7274 5224
77790 215826 96769 99633 41981094 7269 5249
77848 215843 96130 99853 41941144 7273 5229
77746 215176 93858 100210 41980464 7283 5254
77609 217976 99008 99799 41961171 7278 5240
77728 216859 91021 99863 41961502 7271 5229
77794 216661 92302 99904 41901091 7278 5232
77513 218354 91572 99866 41961033 7275 5248
77624 216591 95519 99911 41900750 7268 5235
77212 217249 97923 99938 41940916 7280 5239
77665 217528 98442 99949 41961818 7274 5240
77523 215013 95367 99861 41940440 7279 5239
78019 215637 97833 99976 41922063 7278 5231
76872 216160 97984 99699 41920801 7276 5244
77963 215747 96169 99913 41901910 7280 5235
77799 216450 95367 99865 41941610 7267 5246
77734 217779 91816 99938 41881123 7280 5232
77842 215038 97274 99666 41941010 7276 5257
77440 216178 96700 99735 41900662 7279 5243
77715 217039 96962 99949 41920397 7282 5243
77665 217039 94122 99836 41941299 7284 5242
77581 216251 91676 99860 41920602 7274 5256
77715 217713 97697 100007 41961431 7281 5240
77592 218557 91648 99617 41921021 7288 5233
77571 214893 106202 99634 41920732 7281 5235
77684 216365 96804 99769 41941447 7279 5238
77621 215729 93674 100103 41901513 7274 5258
77495 216427 93064 100043 41940834 7279 5238
77875 217502 98362 99776 41920229 7270 5245
77665 216335 97364 99964 41900815 7281 5235
77797 215389 99206 99887 41920620 7284 5235
77801 217438 93971 99985 41921089 7282 5245
78131 218108 96349 99788 41920985 7286 5244
77817 215797 93842 99970 41921147 7279 5241
77703 216322 93405 99732 41941487 7281 5254
77665 214850 96735 99815 41920803 7281 5249
77872 218202 94607 99468 41940997 7276 5245
77910 215742 99493 99827 41981176 7276 5245
