176295 30411 40301 110656 1885 7407 5366
173633 30416 43097 110772 1883 7390 5342
195146 30430 40679 110915 1883 7390 5423
186550 30275 38712 110887 1888 7398 5572
179385 30402 40769 110244 1880 7399 5312
178110 30435 39921 109007 1880 7392 5374
176251 30336 40423 111389 1882 7411 5344
199033 30302 40265 111259 1885 7389 5415
183838 30303 41575 110892 1881 7390 5341
178222 30630 39482 111113 1879 7398 5398
177067 30680 41078 110584 1878 7400 5384
175971 30764 39993 110836 1883 7390 5331
188004 30765 41362 110866 1885 7393 5400
189078 30563 40427 110775 1877 7410 5568
192267 30757 39509 110591 1878 7400 5333
191181 30290 39444 111082 1879 7388 5446
183028 30172 39255 110737 1882 7400 5319
185818 30385 41111 110406 1880 7385 5338
190175 30805 41204 110766 1886 7401 5381
192362 30388 38880 111048 1883 7406 5414
175888 30556 39711 110018 1880 7411 5350
178797 30349 41397 110617 1875 7393 5436
175762 30513 40327 111080 1880 7398 5337
174744 30330 41441 110952 1883 7408 5351
177289 30734 40697 110905 1884 7399 5482
182675 30407 40837 110644 1884 7404 5570
176465 30178 40196 110199 1882 7391 5525
177716 30380 40209 110186 1884 7409 5334
182309 30352 39263 110892 1883 7392 5308
174788 30439 41870 110908 1887 7399 5330
184217 30530 40323 110988 1879 7390 5393
193401 30285 39971 111102 1887 7386 5326
176914 30522 41902 110976 1884 7396 5475
178415 30736 41635 109660 1888 7393 5418
181449 30556 39009 110456 1888 7393 5343
190098 30263 38941 110887 1885 7410 5339
180028 30279 41505 110953 1881 7401 5571
178940 30246 39220 110672 1884 7399 5471
193755 30658 40470 111021 1885 7395 5343
178091 30157 41090 110950 1882 7398 5349
175179 30677 40625 110639 1884 7403 5384
178384 30311 40039 110922 1885 7393 5433
176175 30422 40289 110795 1884 7404 5347
189602 30550 39233 110947 1880 7399 5373
188353 30345 39956 110934 1879 7399 5368
179844 30427 39259 111121 1883 7396 5333
178451 30286 39826 110790 1877 7421 5357
181307 30725 39692 110823 1887 7415 5334
182815 30312 39740 111023 1882 7400 5344
179150 30309 42338 110749 1881 7401 5395
