82549 34694 51194 113142 1839 6956 6167
84116 34763 48537 113958 1840 6956 6182
84054 34172 48993 112761 1839 6956 6177
84277 34755 47822 113151 1839 6952 6161
84243 34702 53316 112711 1843 6956 6151
84404 34805 53654 112587 1847 6951 6159
81626 34846 48266 113873 1847 6947 6164
83834 34431 47554 113511 1846 6949 6141
84091 34754 54090 113969 1848 6953 6159
82298 34629 52624 113265 1840 6938 6164
81072 34135 52939 114034 1847 6952 6162
81416 34454 49644 112633 1839 6961 6186
83733 34737 50967 113303 1846 6959 6154
83697 34944 48743 113025 1840 6955 6147
84168 34743 50316 113707 1845 6958 6155
81600 34977 47666 113360 1846 6941 6159
81760 34795 50091 112753 1846 6950 6164
81655 34972 49828 113635 1846 6955 6158
83897 35014 46934 113228 1845 6953 6173
84342 34787 50586 113086 1845 6954 6134
83580 34076 50909 112878 1843 6955 6156
83347 34855 49960 113771 1845 6953 6174
84025 34796 49984 113107 1843 6953 6165
81728 34858 50635 112965 1843 6954 6163
84650 34875 54022 113004 1840 6956 6162
83472 35018 46948 112665 1846 6944 6150
83404 33922 50646 113056 1845 6961 6155
81915 34775 49365 112768 1843 6954 6147
80813 34816 51795 113231 1836 6961 6158
81416 34720 50073 113210 1840 6948 6153
83536 34323 51714 113966 1843 6958 6128
83157 34810 48546 114377 1845 6954 6182
84241 34835 51996 113295 1842 6963 6171
84625 34763 53221 113003 1836 6949 6154
84102 34664 51786 113937 1841 6952 6175
84220 34878 52194 113213 1845 6949 6148
83732 35425 51656 113460 1845 6951 6152
83772 34589 51130 113877 1836 6949 6160
83250 34932 46568 113351 1849 6950 6154
83690 34732 50740 113137 1843 6960 6190
84522 34870 48627 113349 1844 6944 6185
83974 35425 49540 113098 1845 6955 6168
83354 34244 49160 113093 1843 6959 6173
83694 34228 52752 113139 1844 6954 6160
82178 35018 47728 113159 1848 6952 6156
83703 34823 51262 114679 1841 6954 6164
82072 35410 51684 112953 1843 6952 6155
84393 34922 52627 113169 1848 6946 6181
83335 34287 48786 112999 1848 6963 6155
81089 34889 50275 113532 1842 6950 6162
