28.1
28.5
28.4
28.7
29.0
29.2
29.5
29.4
29.5
29.7
29.7
29.9
29.9
29.8
29.9
29.9
30.1
30.1
30.0
30.2
30.3
30.3
30.4
30.1
30.2
30.2
30.2
30.2
30.1
30.2
30.3
30.4
30.4
30.1
30.1
30.1
30.2
30.4
30.1
30.4
30.6
30.7
30.7
30.3
30.5
30.6
30.6
30.7
30.3
30.4
30.5
30.5
30.6
30.3
30.4
30.6
30.5
30.5
30.2
30.2
30.3
30.3
30.4
30.2
30.1
30.2
30.2
30.3
30.2
30.0
30.2
30.4
30.4
30.5
30.2
30.3
30.3
30.4
30.4
30.1
30.1
30.3
30.4
30.3
30.1
30.1
30.2
30.3
30.4
30.1
30.1
30.3
30.4
30.5
30.2
30.3
30.4
30.5
30.5
30.2
30.3
30.5
30.6
30.6
30.3
30.4
30.4
30.5
30.6
30.3
30.4
30.5
30.5
30.5
30.4
30.3
30.3
30.4
30.5
30.4
30.2
30.3
30.3
30.4
30.5
30.2
30.3
30.4
30.5
30.5
30.2
30.3
30.4
30.5
30.7
30.3
30.3
30.5
30.6
30.6
30.3
30.2
30.3
30.4
30.5
30.3
30.3
30.5
30.5
30.5
30.2
30.1
30.2
30.3
30.3
30.3
30.0
30.2
30.3
30.4
30.5
30.5
31.1
37.4
31.6
31.3
31.2
31.1
31.0
30.9
30.6
30.6
30.7
30.8
30.8
30.6
30.5
30.5
30.6
30.6
30.5
30.2
30.4
30.5
30.7
30.6
30.4
30.4
30.5
30.6
30.7
30.3
30.4
30.5
30.6
30.7
30.5
30.6
30.7
30.7
30.8
30.5
30.4
30.4
30.5
30.5
30.4
30.2
30.2
30.3
30.5
30.3
30.2
30.4
30.5
30.5
30.7
30.3
30.3
30.4
30.5
30.7
30.3
30.4
30.5
30.5
30.6
30.3
30.4
30.3
30.5
30.6
30.2
30.3
30.4
30.5
30.6
30.4
30.3
30.4
30.4
30.6
30.6
30.3
30.3
30.5
30.6
30.6
30.3
30.4
30.6
30.7
30.7
30.3
30.4
30.6
30.6
30.7
30.4
30.5
30.5
30.6
30.6
30.4
30.4
30.5
30.7
30.7
30.5
30.4
30.5
30.6
30.8
30.6
30.4
30.5
30.6
30.8
30.8
30.5
30.5
30.6
30.8
30.9
30.5
30.5
30.7
30.8
30.8
30.5
30.5
30.5
30.6
30.4
30.2
30.3
30.4
30.4
30.5
