40.5
40.5
41.0
41.4
41.7
41.9
41.8
41.2
36.1
36.5
36.8
36.9
37.3
44.7
44.7
44.7
44.7
44.4
44.3
44.0
43.6
43.0
43.0
42.6
42.8
42.5
37.2
37.2
37.1
37.1
37.2
37.5
37.5
37.4
37.6
37.7
37.8
37.8
43.8
43.8
44.0
44.1
44.3
44.3
44.4
44.5
44.4
44.6
44.7
44.8
44.9
44.9
45.0
44.4
44.2
44.3
44.5
44.6
44.7
44.7
44.8
44.9
44.9
45.0
45.0
45.0
45.1
45.1
45.2
45.2
45.1
45.1
45.2
45.1
45.1
45.1
44.8
38.4
38.3
38.5
38.9
39.2
39.6
40.1
40.5
40.6
40.1
39.7
39.9
45.7
45.6
39.9
39.6
40.1
45.9
45.8
45.7
45.7
45.7
45.6
45.6
45.6
45.6
45.5
45.3
45.4
45.4
45.4
45.4
45.4
45.5
45.5
45.5
45.5
45.6
45.7
45.7
45.7
45.7
45.7
45.8
45.8
45.7
45.8
45.8
45.8
45.8
45.8
45.8
45.8
45.9
45.9
45.8
45.8
45.9
45.9
45.9
45.8
45.8
45.9
45.8
45.9
45.9
45.9
45.9
45.9
46.0
45.9
45.9
45.9
45.3
45.0
39.5
39.0
38.6
38.3
38.1
38.4
44.9
44.7
35.9
36.1
45.5
45.5
45.5
45.5
45.6
45.6
45.6
45.6
45.7
45.7
45.7
45.8
45.7
45.8
45.8
45.9
45.8
45.8
45.8
45.8
45.8
45.7
45.7
45.8
45.7
45.7
45.8
45.7
45.8
45.8
45.8
45.8
45.8
45.8
45.9
45.9
45.9
45.9
45.9
46.0
46.0
46.0
45.9
45.9
45.9
45.9
46.0
46.0
45.9
45.9
45.9
45.9
46.0
45.9
45.9
45.9
45.9
46.0
46.0
46.0
46.0
46.0
46.0
46.0
46.0
46.0
46.0
45.9
45.9
45.9
45.9
45.9
45.9
46.0
46.0
46.0
46.0
46.0
46.1
46.1
46.0
46.0
46.0
46.0
46.0
45.6
45.4
44.9
44.3
38.0
38.3
43.4
43.6
43.8
44.0
44.0
44.1
44.4
44.2
43.8
43.9
44.0
43.5
43.4
43.5
43.8
44.0
44.2
43.9
43.8
43.9
44.1
44.1
44.1
44.2
44.2
43.9
35.7
36.0
45.9
45.7
45.7
39.9
39.9
39.8
39.6
39.8
40.1
45.7
45.7
45.7
45.8
45.8
