46.3
39.9
40.1
40.6
41.1
41.6
42.0
42.4
42.7
43.0
43.2
43.4
43.6
43.9
44.0
44.1
44.3
44.4
44.4
44.2
43.9
43.7
43.4
43.6
43.7
43.6
43.9
44.1
44.3
44.3
44.4
44.5
44.6
44.6
44.7
44.7
44.8
44.8
39.7
39.5
40.0
45.1
45.1
45.1
45.2
45.1
45.1
45.2
45.2
45.2
45.2
45.2
45.3
45.2
37.6
37.0
36.7
37.2
43.4
43.5
43.7
43.9
44.1
44.3
44.4
44.5
44.5
44.3
44.3
44.4
44.6
44.7
44.8
44.9
45.1
45.1
45.0
45.0
45.1
45.2
45.2
45.3
45.3
45.3
45.2
44.9
45.0
45.0
45.2
45.3
45.3
45.3
45.4
45.4
45.5
45.5
45.5
45.5
45.5
45.6
45.6
45.5
45.5
45.5
45.5
45.5
45.5
45.5
45.5
45.5
45.5
45.5
45.5
45.5
45.5
45.6
45.6
45.6
45.6
45.2
44.9
44.3
43.9
43.4
43.2
43.0
37.0
36.9
43.4
43.6
43.7
43.8
43.8
43.8
43.9
44.1
44.2
44.3
44.5
44.7
44.8
44.9
45.0
45.0
45.2
45.2
45.3
45.3
45.2
45.1
45.2
45.3
45.4
45.4
45.5
45.5
45.6
45.6
45.6
45.6
45.6
45.6
45.6
45.7
45.7
45.7
45.7
45.7
45.7
45.6
45.6
45.4
44.8
36.4
44.1
44.2
44.3
44.4
44.3
44.3
44.5
44.5
44.6
44.6
44.6
44.6
44.8
44.9
44.9
44.6
44.0
43.9
43.6
43.3
43.2
42.6
42.1
41.6
41.1
40.8
41.2
41.6
41.2
40.8
41.3
41.6
42.0
42.5
42.8
43.2
43.5
43.8
44.0
44.2
44.4
44.5
44.2
38.2
44.5
44.5
44.7
44.8
44.8
45.0
45.1
45.1
44.8
35.3
35.6
36.0
36.4
36.8
42.2
42.1
42.5
42.8
43.1
43.4
43.6
43.8
44.0
44.3
44.5
44.7
44.8
45.0
45.0
45.1
45.2
45.3
45.3
45.2
45.2
45.2
45.2
45.2
45.3
45.4
45.5
45.5
45.5
45.5
45.6
45.6
45.7
45.7
45.7
45.7
45.8
45.8
45.8
45.8
45.6
45.1
44.7
38.0
44.3
44.4
44.2
43.9
43.8
43.6
43.8
44.1
44.3
44.5
44.6
44.9
45.0
45.0
45.1
45.2
45.2
45.3
