34.7
45.1
45.0
45.0
45.0
45.0
45.0
45.0
45.1
45.1
44.6
44.0
44.2
44.1
44.1
43.9
43.4
43.0
42.9
42.7
42.8
43.1
43.3
43.6
43.8
43.9
44.0
44.1
44.3
44.4
44.5
44.6
44.7
44.8
44.8
44.9
44.5
44.2
44.3
44.4
44.5
44.6
44.8
44.8
44.9
44.9
45.0
45.1
45.1
45.1
45.1
38.2
37.8
38.4
43.6
43.7
43.8
43.8
43.5
43.6
43.8
43.8
43.8
44.0
44.0
43.7
44.0
44.1
44.3
44.4
44.5
44.7
44.8
44.9
45.0
45.0
45.1
45.2
45.2
45.3
45.3
45.3
45.2
44.9
45.0
45.0
45.1
45.1
45.0
37.8
38.3
37.8
32.6
33.1
41.6
42.1
42.6
42.2
35.5
43.8
43.9
44.1
43.6
43.8
43.9
44.0
43.9
43.6
43.9
44.0
44.2
44.3
44.5
44.6
44.6
44.8
44.8
44.9
45.0
45.1
45.1
45.2
45.2
45.3
45.2
38.0
45.7
45.7
45.7
45.7
45.6
45.6
45.6
45.7
45.7
45.7
45.7
45.7
45.7
45.7
45.7
45.8
45.7
45.7
45.7
45.7
45.7
45.6
45.6
45.6
45.6
45.5
45.5
45.4
45.2
44.6
44.3
37.2
36.9
37.3
44.1
43.7
43.1
43.2
43.4
43.6
43.2
36.4
36.8
44.3
43.8
43.7
43.9
44.1
44.2
44.4
43.8
36.8
36.8
45.3
45.2
45.3
45.3
45.3
45.2
39.5
39.1
39.3
39.8
40.3
40.5
41.1
41.4
41.8
41.9
41.8
41.8
42.3
42.7
42.7
42.3
41.9
41.4
41.0
41.0
41.0
40.9
40.6
41.2
41.8
42.2
42.6
43.0
43.3
43.7
43.4
43.6
43.9
44.0
44.1
44.4
44.6
38.4
38.2
38.5
44.2
44.1
44.2
44.1
44.2
44.3
44.4
44.5
44.6
44.6
44.6
39.1
39.3
39.1
39.2
45.1
45.1
45.2
45.1
45.0
45.0
45.0
44.7
44.3
44.2
44.4
44.5
44.7
44.8
44.9
44.9
45.1
45.1
45.2
45.3
45.1
44.9
44.7
44.5
44.3
43.9
43.8
44.0
44.1
44.5
44.1
37.6
37.7
38.2
38.6
43.8
43.2
42.9
42.7
42.6
42.3
42.4
42.6
43.0
43.3
43.6
43.9
43.9
44.0
44.0
43.5
43.0
42.5
42.8
43.2
43.4
43.7
43.9
44.2
