26.1
42.2
42.4
42.6
42.8
43.1
43.4
43.6
43.7
36.4
42.2
42.3
42.6
42.7
43.0
43.1
43.3
43.2
43.4
43.6
43.8
44.0
44.1
44.2
44.3
44.4
44.5
44.4
44.6
44.6
44.6
44.3
43.8
43.9
44.0
44.2
44.2
44.2
44.4
44.4
44.5
44.6
44.6
44.7
44.7
44.8
44.8
44.6
44.5
44.5
44.6
44.7
44.7
37.8
37.6
38.1
38.4
44.3
44.1
44.3
44.4
44.5
44.5
44.6
44.6
44.7
44.8
44.9
44.9
45.0
45.0
44.9
38.4
44.7
44.7
44.6
44.2
43.8
43.2
43.1
42.7
42.4
42.2
42.0
41.6
41.9
42.3
42.7
43.0
43.3
43.4
43.6
43.5
43.1
42.7
42.8
43.1
43.4
43.5
43.1
43.1
38.0
37.7
37.7
37.5
44.9
44.8
44.9
44.9
44.8
44.8
44.9
45.0
45.1
45.2
45.2
45.3
45.4
45.4
45.5
45.6
45.5
45.5
45.5
45.6
45.6
45.5
45.5
45.4
45.1
45.1
45.2
45.1
45.0
45.0
44.9
44.9
44.4
44.5
44.4
44.6
44.7
44.8
45.0
45.0
45.0
45.1
45.1
45.2
45.2
45.2
45.1
45.1
45.0
45.0
45.0
45.1
45.1
45.0
45.0
45.0
45.2
45.3
45.3
45.3
44.8
37.4
37.3
37.4
37.5
43.4
43.5
43.6
43.8
43.9
44.1
44.3
44.4
44.4
44.2
43.7
43.4
43.6
43.8
43.7
43.9
44.0
44.0
44.2
44.3
44.4
44.5
44.3
44.4
44.4
44.4
44.5
44.5
44.3
44.5
44.6
44.7
44.8
44.8
44.8
44.8
44.8
44.9
45.0
45.1
45.1
45.2
45.3
45.3
45.3
45.3
45.4
45.3
45.2
44.9
45.0
45.0
45.0
45.0
45.0
45.0
45.0
45.0
45.0
44.4
38.0
38.1
44.5
44.5
44.6
44.7
44.8
44.8
44.8
44.9
45.0
45.0
45.0
44.7
44.2
43.7
38.4
38.5
38.0
37.9
37.8
37.6
37.3
37.3
37.7
38.2
38.7
39.3
39.6
39.0
38.6
38.7
39.3
39.8
40.4
45.5
45.0
44.7
44.8
44.9
44.8
44.8
44.9
45.1
45.2
45.2
45.2
45.3
45.3
45.4
45.4
44.8
44.8
44.9
44.9
45.1
45.1
45.2
45.3
45.4
45.4
45.4
45.4
45.4
45.4
45.4
45.4
45.4
45.4
45.4
45.1
