43.0
43.3
43.8
44.1
44.4
44.7
44.9
45.2
45.5
45.6
45.8
45.9
46.1
46.3
46.3
46.4
46.4
46.4
46.6
46.7
46.6
46.7
46.7
46.8
46.8
46.9
46.8
46.8
46.8
46.9
46.9
46.9
46.9
47.0
47.0
46.9
46.8
46.8
46.8
46.8
46.8
46.9
46.9
47.0
47.0
47.0
47.1
47.1
47.2
47.4
47.4
47.3
47.3
47.3
47.3
47.3
47.3
47.2
47.3
47.3
47.2
47.2
47.2
47.2
47.3
47.2
47.3
47.3
47.3
47.3
47.4
47.4
47.5
47.5
47.4
47.5
47.4
47.4
47.4
47.5
47.4
47.4
47.5
47.5
47.4
47.4
47.4
47.4
47.3
47.4
47.4
47.4
47.4
47.4
47.4
47.4
47.2
47.2
47.3
47.3
47.3
47.3
47.3
47.4
47.4
47.4
47.4
47.5
47.5
47.5
47.5
47.5
47.5
47.5
47.5
47.6
47.6
47.6
47.6
47.6
47.6
47.7
47.6
47.6
47.5
47.5
47.6
47.6
47.5
47.6
47.6
47.6
47.7
47.7
47.7
47.7
47.7
47.7
47.7
47.6
47.6
47.7
47.7
47.7
47.6
47.6
47.6
47.7
47.6
47.7
47.7
47.6
47.6
47.6
47.6
47.7
47.7
47.7
47.7
47.7
47.7
47.7
47.6
47.6
59.7
49.3
49.1
49.3
55.1
55.4
47.8
47.8
47.8
47.8
47.9
47.9
47.9
47.9
47.9
47.9
47.9
47.9
47.8
47.8
47.9
47.8
47.9
47.9
47.9
48.0
48.0
48.0
48.0
48.0
48.0
48.0
47.9
47.9
47.8
47.9
47.9
47.9
47.8
47.9
47.9
47.8
47.8
47.8
47.8
47.8
47.8
47.8
47.8
47.9
47.9
47.9
47.9
47.9
48.0
47.9
47.9
48.0
48.1
48.0
48.0
48.0
48.0
48.0
48.0
48.0
48.1
48.1
48.1
48.1
48.1
48.2
48.1
48.1
48.1
48.1
48.1
48.0
48.1
48.0
48.1
48.0
48.1
48.1
48.0
48.0
48.0
48.0
48.0
48.0
48.0
48.0
48.0
48.1
48.1
48.0
48.0
48.1
48.1
48.1
48.2
48.1
48.1
48.1
48.2
48.2
48.0
48.0
48.0
48.1
48.1
48.1
48.1
48.1
48.1
48.2
48.2
48.2
48.2
48.2
48.3
48.3
48.2
48.2
48.2
48.2
48.2
48.2
48.2
48.2
48.2
48.2
48.2
48.3
48.3
48.3
48.2
48.2
48.1
48.0
48.0
48.0
48.0
48.0
48.1
48.0
48.2
48.1
48.2
48.2
48.2
48.1
48.2
48.1
48.2
48.2
48.2
48.2
48.2
48.2
48.1
48.2
48.1
48.1
48.1
48.2
48.2
48.1
48.1
48.1
48.1
48.2
48.2
48.2
48.2
48.2
48.3
48.2
48.2
48.2
48.1
48.2
48.2
48.2
48.3
48.4
48.3
48.6
48.7
48.7
48.6
48.5
48.5
48.5
48.5
48.5
48.5
48.5
48.4
48.4
48.4
48.4
48.3
48.3
48.3
48.3
48.4
48.3
48.3
48.3
48.3
48.2
48.2
48.2
48.2
48.2
48.2
48.2
48.2
48.2
48.2
48.2
48.2
48.2
48.2
48.1
48.1
48.1
48.1
48.1
48.1
48.1
48.1
48.1
48.1
48.1
48.1
48.1
48.1
48.1
48.2
48.1
48.1
48.2
48.0
48.1
48.1
48.1
48.1
48.2
48.2
48.2
48.3
48.2
48.2
48.2
48.2
48.3
48.3
48.3
48.3
48.3
48.3
48.3
48.3
48.3
48.3
48.3
48.3
48.3
48.3
48.3
48.3
48.2
48.3
48.3
48.3
48.2
48.2
48.2
48.3
48.3
48.3
48.3
48.4
48.4
48.4
48.4
48.4
48.3
48.3
48.3
48.3
48.4
48.4
48.5
48.4
48.4
48.4
48.4
48.3
48.4
48.3
48.3
48.3
48.3
48.7
48.7
48.8
48.8
48.8
48.7
48.7
48.7
48.6
48.5
48.5
48.4
48.5
48.5
48.5
48.5
48.5
48.5
48.5
48.5
48.5
48.5
48.5
48.5
48.5
48.5
48.5
48.5
48.5
48.5
48.5
48.6
48.6
48.6
48.6
48.5
48.5
48.5
48.4
48.4
48.5
48.4
48.4
48.4
48.4
48.4
48.3
48.3
48.4
48.4
48.4
48.4
48.4
48.3
48.4
48.4
48.4
48.4
48.3
48.3
48.4
49.0
65.9
60.1
49.9
49.6
49.5
49.4
49.2
49.2
49.1
49.1
49.1
49.0
49.0
49.0
48.6
48.6
48.6
48.5
48.6
48.6
48.6
48.6
48.5
48.5
48.4
48.4
48.4
48.4
48.4
48.4
48.4
48.4
48.4
48.5
48.5
48.5
48.5
48.5
48.6
48.5
48.5
48.5
48.5
48.4
48.4
48.4
48.4
48.4
48.4
48.4
48.5
48.5
48.4
48.5
48.4
48.5
48.4
48.4
48.5
48.5
48.5
48.5
48.5
48.5
48.5
48.5
48.5
48.6
48.6
48.8
48.8
48.8
48.7
48.7
48.6
48.7
48.6
48.6
48.6
48.5
48.5
48.5
48.4
48.5
48.6
48.5
48.5
48.6
48.8
48.7
48.8
48.8
48.7
48.7
48.8
48.8
48.7
48.8
48.8
48.8
48.7
48.7
48.7
48.7
48.7
48.6
48.6
48.6
48.5
48.5
48.5
48.6
48.6
48.5
48.5
48.5
48.6
48.7
48.8
48.9
49.0
48.9
49.2
49.1
49.0
49.0
49.0
49.0
48.9
48.9
48.9
48.8
48.8
48.7
48.7
48.7
48.7
48.6
48.6
48.7
48.7
48.7
48.8
48.8
48.8
48.8
48.8
48.7
48.7
48.6
48.6
48.5
48.5
48.6
48.5
48.6
48.6
48.6
48.6
48.6
48.6
48.6
48.6
48.6
48.6
48.6
48.7
48.7
48.9
48.9
48.8
48.8
48.7
48.7
48.7
48.7
