40.1
40.6
41.1
41.6
42.0
42.2
42.5
42.7
42.8
42.5
42.6
42.9
43.2
43.3
43.5
43.7
43.8
43.9
44.1
44.2
44.3
44.3
44.4
44.4
44.5
44.6
44.6
44.7
44.8
44.8
44.8
44.9
44.9
45.0
45.0
45.0
45.1
45.1
45.0
45.0
45.1
45.1
45.1
45.1
45.2
45.1
45.0
45.0
45.0
45.0
45.0
45.0
45.0
44.9
44.8
44.8
44.9
44.9
44.9
44.9
44.9
44.9
44.9
44.9
44.7
44.7
44.8
44.8
44.9
44.9
44.9
45.0
45.0
45.1
45.1
45.1
45.1
45.1
45.2
45.2
45.2
45.2
45.2
45.2
45.2
45.2
45.2
45.2
45.1
45.1
45.0
44.5
44.3
44.3
44.4
44.6
44.5
44.5
44.4
44.5
44.6
44.6
44.6
44.6
44.3
44.0
43.7
43.2
43.2
43.4
43.6
43.7
43.5
43.5
43.7
43.9
44.0
44.2
34.9
42.8
42.7
43.0
43.2
43.6
43.8
43.9
44.1
43.8
44.0
44.0
44.2
44.3
44.5
44.6
44.2
43.7
43.6
43.1
43.3
43.5
43.7
43.7
37.2
45.3
45.1
38.0
43.2
43.3
43.7
43.8
44.0
44.2
44.3
44.5
44.5
44.6
44.7
44.7
44.8
44.9
44.9
44.6
44.5
44.7
44.8
44.8
44.8
44.9
44.9
45.0
44.8
44.6
44.7
44.9
44.4
38.6
38.7
43.8
43.9
43.6
37.0
37.0
37.5
37.7
37.7
37.7
37.5
37.5
37.8
44.1
43.6
34.3
34.5
35.0
40.5
40.6
41.1
41.6
42.0
42.3
42.6
43.0
43.2
43.4
43.4
37.8
43.0
42.6
42.3
37.0
37.4
42.6
42.9
43.1
43.2
42.9
42.4
42.8
42.6
42.9
43.0
43.2
43.5
43.8
44.0
44.2
44.3
44.5
44.6
44.8
44.8
44.9
45.0
45.0
45.0
44.9
44.3
44.1
43.8
43.8
43.9
44.0
44.1
44.3
44.4
44.4
44.5
44.5
44.6
44.6
44.7
44.8
44.9
44.9
45.0
44.6
36.1
35.9
35.8
43.4
43.2
43.5
43.8
43.9
44.1
44.2
44.4
44.5
44.6
44.7
44.8
44.9
45.0
45.1
45.1
45.2
45.3
45.3
45.3
45.3
45.4
45.4
45.4
45.4
45.3
45.3
45.4
45.4
45.4
45.4
45.4
45.4
45.5
45.5
45.5
45.4
45.4
45.5
45.5
45.5
