30.5
30.0
29.9
29.9
29.9
29.9
29.6
29.6
29.7
29.7
29.7
29.4
29.4
29.6
29.7
29.7
29.5
29.3
29.3
29.4
29.5
29.4
29.3
29.4
29.5
29.5
29.3
29.2
29.3
29.7
29.7
29.4
29.4
29.4
29.8
29.9
29.9
29.4
29.6
29.6
29.7
29.7
29.3
29.4
29.6
29.6
29.7
29.3
29.3
29.4
29.5
29.8
29.6
29.4
29.5
29.6
29.7
29.7
29.4
29.4
29.5
29.6
29.4
29.2
29.4
29.5
29.5
29.6
29.2
29.3
29.4
29.5
29.6
29.2
29.3
29.4
29.4
29.5
29.3
29.2
29.3
29.4
29.5
29.5
29.2
29.3
29.3
29.4
29.5
29.3
29.3
29.3
29.3
29.4
29.2
29.1
29.3
29.4
29.5
29.3
29.0
29.2
29.3
29.4
29.1
29.2
29.3
29.4
29.5
29.4
29.2
29.7
29.7
29.8
29.8
29.4
29.6
29.6
29.7
29.7
29.3
29.4
29.5
29.6
29.7
29.4
29.3
29.4
29.4
29.4
29.2
29.2
29.3
29.5
29.4
29.3
29.2
29.2
29.3
29.4
29.4
29.0
29.2
29.2
29.3
29.3
29.1
29.2
29.3
29.4
29.4
29.1
29.2
29.2
29.3
29.3
29.1
29.2
29.2
29.4
29.4
29.2
29.1
29.2
29.3
29.3
29.2
29.0
29.1
29.3
29.4
29.4
29.1
29.3
29.3
29.4
29.4
29.1
29.2
29.3
29.3
29.4
29.1
29.1
29.3
29.4
29.5
29.4
29.2
29.3
29.4
29.4
29.4
29.1
29.2
29.3
29.3
29.4
29.3
29.1
29.3
29.3
29.4
29.4
29.1
29.3
29.3
29.4
29.5
29.1
29.1
29.3
29.3
29.2
29.0
29.1
29.2
29.3
29.5
29.1
29.2
29.2
29.3
29.5
29.8
29.8
29.7
29.7
29.6
29.3
29.4
29.5
29.5
30.1
29.7
29.8
29.9
30.0
30.0
29.6
29.7
29.7
29.7
29.8
35.3
34.6
34.0
33.5
33.0
27.0
27.3
27.6
27.9
28.1
28.1
28.2
28.4
28.6
28.7
28.5
28.7
28.8
29.0
29.0
28.8
28.9
29.0
29.1
29.2
29.0
28.9
29.0
29.2
29.3
29.3
29.1
29.2
29.3
29.4
29.5
29.1
29.3
29.4
29.4
29.5
29.2
29.2
29.3
41.8
30.1
29.7
29.7
29.7
29.7
29.8
29.7
29.5
29.4
29.5
29.5
29.6
29.2
29.1
29.2
29.3
29.3
28.9
29.0
29.2
29.3
29.4
29.2
29.1
29.2
29.2
29.4
29.3
29.1
29.1
29.3
29.3
29.3
29.0
29.1
29.1
29.2
29.3
29.0
29.1
29.2
29.3
29.3
29.1
29.2
29.3
29.3
29.3
29.0
29.1
29.3
29.4
29.4
29.1
29.1
29.2
29.2
29.3
29.3
29.0
29.2
29.3
29.3
29.3
29.0
29.1
29.2
29.2
29.3
29.2
29.1
29.2
29.3
29.3
29.3
29.1
29.2
29.3
29.4
29.4
29.1
29.2
29.2
29.2
29.3
29.1
29.1
29.3
29.5
29.6
29.3
29.2
29.3
29.3
29.3
29.4
29.1
29.3
29.3
29.4
29.2
29.1
29.2
29.4
29.4
29.4
29.1
29.2
29.3
29.3
29.5
29.1
29.1
29.2
29.2
29.3
29.0
29.1
29.1
29.2
29.3
29.1
29.0
29.1
29.2
29.4
29.1
29.0
29.1
29.1
29.2
29.1
28.9
29.0
29.1
29.2
29.2
28.9
29.0
29.0
29.1
29.2
28.9
29.1
29.1
29.1
29.2
28.9
29.0
29.0
29.1
29.2
28.9
28.8
29.0
29.2
29.2
29.1
28.9
29.1
29.2
29.2
29.3
29.0
29.1
29.2
29.3
29.4
29.2
29.2
29.3
29.4
29.4
29.3
29.1
29.2
29.4
29.3
29.4
29.0
29.1
29.1
29.2
29.2
28.9
29.0
29.2
29.3
29.4
29.1
29.2
29.3
29.3
29.4
29.2
29.0
29.1
29.2
29.3
29.3
29.2
29.3
29.4
29.4
29.4
29.2
29.3
29.4
29.5
29.6
29.2
29.3
29.3
29.4
29.4
29.0
29.1
29.2
29.3
29.3
29.1
29.1
29.2
29.3
29.4
29.1
29.1
29.1
29.2
29.2
29.3
29.0
29.2
29.2
29.3
29.4
29.1
29.2
29.3
29.4
29.3
29.0
29.1
29.2
29.2
29.3
29.1
29.0
29.2
29.3
29.3
29.4
29.0
29.2
29.2
29.3
29.4
29.2
29.2
29.3
29.3
29.5
29.5
29.2
29.3
29.4
29.3
29.5
29.1
29.2
29.3
29.3
29.4
29.2
29.1
29.2
29.2
29.2
29.1
29.0
29.1
29.2
29.3
29.4
29.0
29.1
29.2
29.3
29.4
29.0
29.1
29.2
29.3
29.5
29.2
29.1
29.2
29.2
29.3
29.4
29.1
29.2
29.3
29.3
29.4
29.0
29.0
29.1
29.2
29.3
29.0
29.0
29.1
29.3
29.3
29.4
29.1
29.2
29.2
29.2
29.2
28.9
29.1
29.2
29.4
29.4
29.0
29.1
29.1
29.3
29.3
29.1
29.1
29.3
29.4
29.6
29.2
29.2
29.3
29.4
29.5
29.3
29.1
29.2
29.3
29.4
29.4
29.1
29.2
29.2
29.3
29.4
29.1
29.2
29.1
29.3
29.4
29.0
29.1
29.2
29.3
29.4
29.2
29.2
29.3
29.4
29.5
29.3
29.1
29.2
29.3
29.4
29.5
29.1
29.2
29.3
29.3
29.3
28.9
29.1
29.1
29.3
29.4
29.1
29.1
29.1
29.2
29.3
29.0
29.1
29.2
29.3
29.4
29.1
29.0
29.1
29.2
29.3
29.2
29.0
29.2
29.3
29.4
29.3
29.1
29.2
29.3
29.4
29.4
29.0
29.1
29.2
29.3
29.4
29.2
29.0
29.2
29.2
29.5
29.4
29.1
29.3
29.3
29.4
29.5
29.2
29.2
29.3
29.4
29.4
29.1
29.2
29.3
29.3
29.4
29.4
29.1
29.2
29.2
29.3
29.4
29.0
29.1
29.2
29.3
29.4
29.1
29.1
29.2
29.2
29.2
29.0
29.0
29.1
29.2
29.3
29.1
29.1
29.2
29.2
29.3
29.3
29.1
29.1
29.2
29.3
29.4
29.1
29.2
29.3
29.3
29.4
29.1
29.1
29.2
29.3
29.3
29.1
29.1
29.2
29.3
29.4
29.4
29.2
29.2
29.3
29.3
29.4
29.0
29.1
29.2
29.3
29.4
29.1
29.1
29.2
29.2
29.2
29.1
29.0
29.1
29.2
29.3
29.1
28.9
29.0
29.0
29.1
29.2
29.0
29.1
29.3
29.4
29.5
29.1
29.2
29.3
29.5
29.5
29.2
29.2
29.3
29.3
29.4
29.4
29.2
29.3
29.3
29.4
29.4
29.1
29.2
29.2
29.3
29.3
29.0
29.1
29.2
29.3
29.3
29.1
29.0
29.1
29.3
29.4
29.3
29.0
29.1
29.2
29.3
29.4
29.0
29.2
29.3
29.4
29.5
29.1
29.2
29.3
29.4
29.4
29.2
29.1
29.2
29.3
29.4
29.3
29.0
29.2
29.3
