25.5
25.8
25.9
26.1
26.2
26.2
26.4
26.5
26.5
26.5
26.6
26.5
26.5
39.1
39.3
28.7
28.4
28.0
28.0
27.9
27.9
27.7
27.7
27.7
27.7
27.8
28.1
33.4
32.9
27.0
26.9
27.4
26.4
31.6
26.2
26.2
26.3
26.3
26.3
26.4
26.5
26.4
26.5
26.6
26.6
26.5
26.5
26.4
26.6
26.5
26.5
26.5
26.5
26.4
26.4
26.4
26.3
26.3
26.3
26.3
26.3
26.3
26.2
26.3
26.3
26.5
26.4
26.4
26.4
26.4
26.4
26.4
26.5
26.7
26.6
26.6
26.5
26.5
26.5
26.6
26.5
26.5
26.5
26.4
26.6
26.9
26.8
26.7
26.7
26.6
26.6
26.5
26.5
26.5
26.4
26.5
26.5
26.4
26.4
26.4
26.3
26.3
26.3
26.4
26.4
26.3
26.4
26.4
26.5
26.4
26.4
26.4
26.4
26.4
26.4
26.4
26.4
26.4
26.4
26.4
26.6
26.5
26.5
26.4
27.0
27.0
26.9
26.8
26.7
26.6
26.6
26.5
26.5
26.5
26.5
26.4
26.4
26.4
26.4
26.3
26.3
26.4
26.4
26.4
26.4
26.4
26.4
26.4
26.3
26.3
26.3
26.3
26.3
26.4
26.4
26.5
26.4
26.4
26.4
26.4
26.4
26.4
26.4
26.5
27.0
33.9
26.2
26.3
26.3
26.4
38.0
26.2
26.2
26.2
26.2
26.7
26.7
26.6
26.5
26.6
26.5
26.5
26.4
26.4
26.4
26.4
26.3
26.3
26.3
26.2
26.3
26.3
26.3
26.3
26.2
26.3
26.4
26.4
26.3
26.3
26.3
26.3
26.3
26.3
26.3
26.3
26.3
26.3
26.3
26.3
26.3
26.3
26.3
26.3
26.3
26.3
26.3
26.3
26.3
26.5
26.5
26.4
26.4
26.4
26.4
26.4
26.4
26.4
26.4
26.4
26.3
26.3
26.3
26.4
26.4
26.3
26.3
26.3
26.3
26.3
26.3
26.3
26.3
26.3
26.3
26.3
26.3
26.2
26.2
26.3
26.2
26.3
26.2
26.2
26.2
26.2
45.3
45.8
32.0
26.4
26.5
26.5
26.5
27.0
27.0
26.9
27.0
27.0
26.9
26.8
26.8
26.7
26.7
26.9
26.8
26.8
26.7
26.6
26.6
26.6
26.5
26.5
26.5
26.4
26.4
26.4
26.3
26.4
26.4
26.3
26.3
26.3
26.3
26.3
26.3
26.3
26.3
26.3
26.3
26.3
26.2
26.2
26.2
26.2
26.2
26.2
26.2
26.2
26.5
26.6
26.5
26.5
26.5
26.4
26.4
26.4
26.4
26.4
26.4
26.4
26.4
26.4
26.4
26.4
26.4
26.4
26.4
26.4
26.4
26.4
26.3
26.3
26.3
26.3
26.3
26.3
26.2
26.2
26.2
26.3
26.3
26.2
26.2
26.3
26.3
26.3
26.3
26.3
26.3
26.3
26.3
26.3
26.3
26.2
26.3
26.3
26.2
26.2
26.2
26.3
26.2
26.2
26.2
26.2
26.2
26.2
26.2
26.2
26.2
26.2
26.3
26.3
26.3
26.4
26.5
26.5
26.5
26.4
26.4
26.4
26.4
26.4
26.4
26.4
26.3
26.3
26.3
26.3
26.3
26.3
26.3
26.3
26.3
26.3
26.3
26.4
26.4
26.4
26.4
26.4
26.3
26.3
26.3
26.4
26.3
26.3
26.3
26.3
26.3
26.3
26.3
26.3
26.3
26.3
26.3
26.3
26.3
26.3
26.3
26.3
26.3
26.3
26.3
26.3
26.3
26.3
26.3
26.3
26.3
26.3
26.3
26.3
26.2
26.2
26.2
26.2
26.2
26.3
26.2
26.3
26.2
26.2
26.2
26.2
26.2
26.2
26.2
26.2
26.2
26.2
26.3
26.3
26.3
26.3
26.3
26.3
26.3
26.3
26.3
26.3
26.3
26.3
26.3
26.3
26.5
26.5
26.5
26.4
26.4
26.4
26.3
26.4
26.4
26.4
26.4
26.3
26.3
26.4
26.4
26.4
26.4
26.3
26.3
26.3
26.3
26.3
26.3
26.3
26.3
26.3
26.2
26.3
26.2
26.3
26.3
26.2
26.2
26.2
26.2
26.2
26.2
26.2
26.2
26.2
26.2
26.2
26.2
26.2
26.2
26.2
26.2
26.2
26.2
26.2
26.2
26.2
26.2
26.2
26.2
26.3
26.3
26.2
26.2
26.2
26.2
26.3
26.2
26.3
26.2
26.3
26.3
26.3
26.3
26.3
26.3
26.3
26.3
26.3
26.2
26.3
26.3
26.3
26.3
26.3
26.3
26.2
26.2
26.2
26.2
26.2
26.2
26.2
26.2
26.2
26.1
26.2
26.2
26.2
26.2
26.1
26.2
26.2
26.2
26.3
26.2
26.2
26.2
26.3
26.3
26.2
26.2
26.2
26.2
26.2
26.3
26.3
26.3
26.3
26.3
26.3
26.3
26.3
26.3
26.3
26.3
26.3
26.3
26.3
26.3
26.3
26.3
26.3
26.2
26.2
26.3
26.2
26.3
26.2
26.2
26.3
26.3
26.3
26.3
26.2
26.2
26.2
26.2
26.2
26.2
26.2
26.2
26.2
26.2
26.2
26.2
26.2
26.2
26.2
26.2
26.2
26.2
26.2
26.2
26.2
26.2
26.2
26.2
26.2
26.2
26.2
26.2
26.2
26.2
26.3
26.2
26.2
26.2
26.2
26.3
26.2
26.2
26.2
26.3
26.3
26.3
26.3
26.2
26.3
26.3
26.2
26.2
26.2
26.2
26.2
26.3
26.2
26.2
26.2
26.2
26.3
26.2
26.2
26.2
26.2
26.2
26.2
26.1
26.2
26.2
26.2
26.2
26.2
26.1
26.3
26.4
26.6
26.6
26.8
26.8
26.7
26.7
26.6
26.6
26.5
26.5
26.5
26.5
26.4
26.4
26.5
26.4
26.4
26.4
26.4
26.4
26.3
26.3
26.3
26.3
26.3
26.3
26.3
26.2
26.3
26.3
26.3
26.3
26.3
26.4
26.3
26.3
26.3
26.3
26.3
26.3
26.3
26.3
26.3
26.2
26.2
26.2
26.3
26.3
26.3
26.2
26.2
26.3
26.2
26.3
26.3
26.2
26.3
26.3
26.2
26.3
26.2
26.3
26.2
26.3
26.3
26.3
26.3
26.2
26.3
26.3
26.2
26.2
26.2
26.2
26.2
26.2
26.2
26.2
26.2
26.3
26.3
26.2
26.2
26.2
26.2
26.2
26.2
26.2
26.2
26.2
26.2
26.3
26.3
26.2
26.2
26.2
26.2
26.2
26.2
26.2
26.2
26.2
26.2
26.2
26.2
26.3
26.2
26.3
26.2
26.2
26.2
26.2
26.2
26.2
26.2
