36.1
29.8
29.6
29.5
29.5
29.5
29.7
29.5
29.4
29.6
29.6
29.3
29.5
29.5
29.7
29.4
29.5
29.7
29.7
29.4
29.6
29.8
29.8
29.8
29.6
29.6
29.9
29.9
29.9
29.8
29.5
29.6
29.6
29.8
29.8
29.5
29.5
29.6
29.6
29.7
29.7
29.4
29.6
29.6
29.6
29.7
29.3
29.3
29.4
29.5
29.5
29.2
29.1
29.3
29.4
29.5
29.5
29.2
29.3
29.4
29.4
29.5
29.2
29.3
29.4
29.5
29.6
29.4
29.3
29.4
29.5
29.5
29.5
29.2
29.2
29.3
29.3
29.4
29.1
29.2
29.3
29.4
29.4
29.1
29.2
29.3
29.4
29.4
29.1
29.3
29.4
29.4
29.4
29.3
29.1
29.2
29.3
29.3
29.2
29.0
29.1
29.2
29.3
29.4
29.2
29.4
29.4
29.5
29.4
29.2
29.3
29.4
29.4
29.5
29.3
29.2
29.3
29.5
29.5
29.4
29.2
29.3
29.4
29.4
29.4
29.2
29.2
29.4
29.6
29.6
29.3
29.4
29.3
29.4
29.4
29.1
29.3
29.3
29.4
29.5
29.2
29.1
29.2
29.2
29.3
29.3
29.1
29.3
29.4
29.4
29.5
29.1
29.1
29.1
29.2
29.3
29.1
29.0
29.1
29.3
29.5
29.4
29.2
29.3
29.4
29.4
29.2
29.0
29.0
29.1
29.1
29.2
28.9
29.0
29.0
29.2
29.3
29.0
29.0
29.2
29.2
29.3
29.1
29.0
29.1
29.2
29.3
29.3
28.9
29.0
29.2
29.3
29.3
29.0
29.1
29.1
29.3
29.4
29.3
29.1
29.1
29.3
29.3
29.3
29.1
29.1
29.1
29.2
29.2
29.0
29.0
29.1
29.1
29.0
28.9
29.0
29.1
29.2
29.2
28.9
29.1
29.1
29.2
29.8
29.7
29.7
29.8
29.7
29.9
30.0
29.6
29.6
29.6
29.6
29.6
29.7
29.7
29.8
29.8
29.9
29.8
29.4
29.5
29.5
29.6
29.6
29.4
29.3
29.3
29.4
29.4
29.1
29.1
29.3
29.3
29.6
29.6
29.4
29.4
36.6
29.5
29.5
29.1
29.2
29.2
29.3
29.5
29.2
29.2
29.2
29.3
29.4
29.0
29.1
29.2
29.2
29.3
29.0
29.1
35.1
34.5
33.9
26.6
26.9
27.2
27.5
27.9
27.9
27.9
28.2
28.4
28.5
28.7
28.4
28.5
28.7
28.7
28.9
28.9
28.8
28.9
29.1
29.2
29.2
28.9
29.1
29.2
29.3
29.4
29.0
29.1
29.2
29.3
29.3
29.3
29.0
29.1
29.2
29.3
29.4
29.1
29.2
29.3
35.3
29.9
29.5
29.5
29.6
29.6
29.6
29.5
29.3
29.4
29.4
29.5
29.5
29.1
29.2
29.3
29.4
29.4
29.1
29.1
29.2
29.3
29.3
29.3
29.1
29.2
29.3
29.5
29.6
29.2
29.3
29.3
29.4
29.4
29.2
29.2
29.3
29.3
29.4
29.5
29.1
29.2
29.2
29.4
39.3
27.8
28.0
28.3
28.5
28.7
28.6
28.5
28.7
28.8
29.0
29.0
28.7
28.8
29.0
29.3
29.3
29.0
29.2
29.2
29.3
29.3
29.0
29.1
29.2
29.3
29.4
29.2
29.0
29.1
29.2
29.3
29.4
29.0
29.2
29.3
29.4
29.5
29.1
29.2
29.2
29.3
29.4
29.1
29.2
29.3
29.4
29.4
29.2
29.1
29.2
29.3
29.4
29.4
29.0
29.1
29.2
29.3
29.4
29.1
29.1
29.2
29.3
29.3
29.2
29.1
29.1
29.2
29.3
29.2
29.0
29.1
29.3
29.4
29.3
29.0
29.1
29.2
29.4
29.4
29.1
29.2
29.3
29.4
29.5
29.3
29.1
29.2
29.4
29.3
29.4
29.1
29.2
29.3
29.4
29.5
29.2
29.2
29.4
29.4
29.6
29.5
29.2
29.3
29.3
29.4
29.5
29.1
29.2
29.5
29.6
29.7
29.3
29.3
29.5
29.6
29.6
29.4
29.4
29.4
29.5
29.5
29.2
29.2
29.3
29.4
29.4
29.5
29.2
29.3
29.3
29.4
29.5
29.1
29.1
29.2
29.3
29.4
29.2
29.1
29.2
29.4
29.5
29.5
29.2
29.3
29.4
29.6
29.6
29.3
29.3
29.4
29.5
29.6
29.5
29.2
29.3
29.5
29.6
29.6
29.3
29.3
29.4
29.4
29.4
29.3
29.1
29.2
29.3
29.3
29.3
29.0
29.1
29.4
29.5
29.6
29.3
29.3
29.4
29.4
29.5
29.3
29.2
29.2
29.3
29.4
29.4
29.1
29.2
29.3
29.3
29.4
29.2
29.2
29.2
29.3
29.4
29.5
29.1
29.3
29.3
29.4
29.5
29.2
29.3
29.5
29.6
29.6
29.5
29.3
29.4
29.4
29.5
29.5
29.2
29.2
29.3
29.3
29.4
29.1
29.1
29.1
29.2
29.3
29.1
29.0
29.1
29.2
29.3
29.4
29.0
29.1
29.2
29.3
29.4
29.0
29.2
29.5
29.6
29.6
29.3
29.3
29.4
29.4
29.5
29.2
29.1
29.3
29.4
29.4
29.5
29.1
29.3
29.4
29.4
29.4
29.1
29.2
29.3
29.3
29.4
29.1
29.1
29.3
29.4
29.4
29.4
29.2
29.3
29.6
29.6
29.5
29.1
29.1
29.2
29.3
29.4
29.2
29.1
29.2
29.3
29.4
29.2
29.1
29.2
29.2
29.3
29.3
29.0
29.0
29.1
29.2
29.3
28.9
29.0
29.1
29.3
29.2
28.9
29.0
29.2
29.3
29.4
29.1
29.2
29.3
29.4
29.5
29.2
29.3
29.3
29.4
29.4
29.2
29.2
29.3
29.4
29.5
29.6
29.2
29.3
29.4
29.4
29.4
29.1
29.1
29.3
29.3
29.4
29.2
29.1
29.1
29.4
29.5
29.6
29.2
29.3
29.4
29.5
29.5
29.2
29.3
29.3
29.4
29.5
29.2
29.1
29.2
29.3
29.4
29.3
29.1
29.2
29.3
29.4
29.5
29.1
29.2
29.3
29.4
29.5
29.1
29.2
29.2
29.4
29.5
29.4
29.3
29.3
29.4
29.5
29.4
29.2
29.2
29.4
29.5
29.6
29.2
29.3
29.3
29.3
29.4
29.2
29.1
29.2
29.3
29.4
29.4
29.1
29.1
29.2
29.4
29.4
29.0
29.1
29.3
29.5
29.5
29.2
29.1
29.2
29.3
29.4
29.2
29.1
29.3
29.4
29.4
29.4
29.1
29.2
29.3
29.4
29.4
29.1
29.1
29.2
29.4
29.4
29.2
29.2
29.2
29.4
29.5
29.5
29.2
29.2
29.4
29.6
29.7
29.3
29.3
29.3
29.4
29.5
29.5
29.1
29.3
29.3
29.4
29.5
29.1
29.2
29.4
29.4
29.5
29.2
29.2
29.3
29.3
29.4
29.3
29.1
29.2
29.3
29.4
29.5
29.1
29.2
29.4
29.6
29.6
29.3
29.3
29.4
29.5
29.5
29.5
29.1
29.3
29.3
29.4
29.5
29.2
29.2
29.3
29.4
29.4
29.3
29.1
29.2
29.4
29.4
29.5
