25.6
26.0
26.4
26.6
26.6
26.6
26.6
26.6
26.6
26.6
26.6
26.6
26.6
26.6
26.5
26.5
26.6
26.5
26.5
26.5
26.5
26.5
26.5
26.5
26.5
26.5
26.6
26.5
26.8
26.7
26.7
26.6
26.6
26.6
26.6
26.5
26.5
26.5
26.5
26.4
26.4
26.4
26.4
26.4
26.4
26.4
26.3
26.3
26.4
26.4
26.4
26.3
26.4
26.5
26.4
26.4
26.4
26.4
26.4
26.3
26.4
26.3
26.5
26.5
26.5
26.4
26.4
26.4
26.4
26.4
26.5
26.4
26.4
26.4
26.4
26.8
26.7
26.6
26.6
26.6
26.6
26.5
26.5
26.5
26.5
26.5
26.5
26.4
26.4
26.4
26.4
26.4
26.3
26.3
26.4
26.4
26.3
26.5
26.6
26.6
26.8
26.8
27.1
27.0
27.0
26.9
26.8
26.8
26.7
26.8
26.8
26.8
26.9
26.9
26.9
26.9
26.8
26.8
26.9
26.7
26.7
26.7
26.7
26.6
26.6
26.5
26.6
26.6
26.5
26.5
26.5
26.4
26.5
26.5
26.4
26.5
26.5
26.4
26.5
26.4
26.4
26.4
26.4
26.4
26.3
26.4
26.3
26.3
26.5
26.5
26.4
26.5
26.5
26.6
26.6
26.5
26.5
26.5
26.5
26.5
26.6
26.5
26.5
26.5
26.5
26.4
26.4
26.4
26.4
26.4
26.4
26.4
26.3
26.3
26.3
26.3
26.3
26.2
26.3
26.3
26.3
26.3
26.3
26.4
26.4
26.7
27.1
27.0
26.9
26.8
26.7
26.7
26.6
26.5
26.5
26.5
26.5
26.5
26.4
26.4
26.4
26.4
26.4
26.3
26.4
26.4
26.4
26.4
26.4
26.4
26.3
26.3
26.3
26.3
26.3
26.3
26.3
26.3
26.3
26.3
26.4
26.5
26.4
26.5
26.5
26.6
26.6
26.6
26.5
26.6
26.6
33.9
26.4
26.4
26.3
26.3
26.3
31.8
26.4
26.3
26.3
26.3
26.3
26.4
26.3
26.3
26.3
26.3
26.3
26.3
26.3
26.3
26.3
26.3
26.4
26.4
26.4
26.4
26.4
26.4
26.5
26.4
26.3
26.3
26.4
26.3
26.3
26.3
26.3
26.4
26.4
26.4
26.4
26.4
26.3
34.7
34.1
26.0
26.0
26.0
26.1
26.7
26.6
26.6
26.7
26.6
26.6
26.5
26.5
26.5
26.4
26.4
26.4
26.3
26.4
26.3
26.3
26.3
26.2
26.2
26.3
26.2
26.3
26.4
26.4
26.4
26.4
26.4
26.4
26.4
26.4
26.4
26.4
26.4
26.3
26.4
26.3
26.4
26.4
26.4
26.4
26.3
26.3
26.4
26.4
26.4
26.4
26.4
26.3
26.3
26.3
26.3
26.3
26.2
26.3
26.2
26.2
26.2
26.2
26.2
26.3
26.2
26.2
26.3
26.2
26.2
26.2
26.2
26.2
26.2
26.2
26.2
26.2
26.2
26.3
26.3
26.3
26.2
26.3
26.3
26.3
26.2
26.2
26.3
26.3
26.3
26.3
26.7
26.7
26.6
26.6
26.5
26.5
26.4
26.4
26.5
26.4
26.4
26.3
26.3
26.4
26.4
26.3
26.3
26.3
26.3
26.4
26.4
26.3
26.3
26.3
26.3
26.4
26.4
26.3
26.3
26.4
26.5
26.5
26.5
26.5
26.5
26.4
26.4
26.4
26.3
26.4
26.3
26.3
26.3
26.3
26.3
26.3
26.3
26.3
26.3
26.3
26.3
26.3
26.3
26.3
26.3
26.3
26.3
26.3
26.3
26.3
26.3
26.3
26.3
26.3
26.3
26.2
26.2
26.3
26.3
26.3
26.3
26.3
26.3
26.3
26.2
26.2
26.2
26.2
26.3
26.3
26.3
26.3
26.3
26.2
26.3
26.2
26.2
26.2
26.3
26.4
26.4
26.4
26.3
26.4
26.3
26.3
26.3
26.3
26.4
26.3
26.3
26.2
26.3
26.3
26.2
26.2
26.2
26.2
26.3
26.3
26.3
26.2
26.3
26.2
26.3
26.3
26.2
26.3
26.3
26.5
26.5
26.4
26.3
26.3
26.3
26.3
26.2
26.2
26.3
26.4
26.3
26.3
26.3
26.3
26.3
26.3
26.3
26.2
26.2
26.3
26.3
26.3
26.3
26.3
26.3
26.2
26.3
26.3
26.2
26.2
26.3
26.2
26.3
26.2
26.2
26.2
26.2
26.2
26.2
26.2
26.2
26.2
26.2
26.2
26.1
26.1
26.2
26.2
26.2
26.1
26.1
26.2
26.2
26.2
26.2
26.1
26.2
26.2
26.2
26.2
26.2
26.2
26.2
26.2
26.2
26.2
26.1
26.2
26.2
26.2
26.3
26.2
26.3
26.3
26.3
26.3
26.3
26.3
26.3
26.8
26.8
26.7
26.6
26.5
26.5
26.5
26.5
26.4
26.4
26.4
26.4
26.4
26.4
26.4
26.4
26.4
26.4
26.3
26.3
26.3
26.3
26.3
26.3
26.2
26.2
26.2
26.2
26.2
26.2
26.2
26.2
26.2
26.2
26.1
26.2
26.1
26.2
26.3
26.3
26.3
26.3
26.3
26.4
26.3
26.3
26.3
26.2
26.3
26.3
26.3
26.3
26.2
26.3
26.2
26.2
26.2
26.2
26.2
26.2
26.2
26.1
26.1
26.2
26.2
26.2
26.2
26.2
26.1
26.2
26.1
26.2
26.2
26.2
26.2
26.2
26.2
26.2
26.2
26.2
26.2
26.2
26.2
26.2
26.2
26.2
26.1
26.1
26.1
26.1
26.1
26.1
26.1
26.1
26.1
26.2
26.2
26.2
26.2
26.2
26.2
26.2
26.2
26.2
26.2
26.2
26.2
26.2
26.2
26.3
26.3
26.3
26.3
26.3
26.3
26.3
26.3
26.2
26.2
26.2
26.2
26.2
26.2
26.2
26.1
26.2
26.2
26.2
26.2
26.2
26.2
26.4
26.4
26.5
26.6
26.8
26.8
26.7
26.7
26.6
26.6
26.5
26.5
26.4
26.4
26.4
26.4
26.4
26.4
26.4
26.4
26.4
26.4
26.4
26.4
26.3
26.3
26.3
26.3
26.3
26.4
26.4
26.3
26.3
26.3
26.3
26.3
26.2
26.2
26.3
26.3
26.3
26.3
26.3
26.3
26.2
26.2
26.2
26.2
26.2
26.2
26.3
26.2
26.2
26.2
26.2
26.2
26.2
26.2
26.2
26.2
26.2
26.2
26.2
26.2
26.3
26.2
26.3
26.2
26.2
26.2
26.2
26.2
26.2
26.2
26.2
26.2
26.2
26.3
26.2
26.2
26.2
26.2
26.3
26.2
26.2
26.2
26.2
26.2
26.2
26.2
26.1
26.1
26.1
26.1
26.1
26.1
26.1
26.1
26.2
26.2
26.2
26.2
26.2
26.2
26.2
26.2
26.2
26.2
26.3
26.2
26.2
26.2
26.2
26.2
26.2
26.2
26.2
26.2
26.2
26.3
26.2
26.2
26.2
26.2
26.2
26.2
26.2
26.2
26.2
26.2
26.2
26.2
26.2
26.2
26.2
26.2
26.2
26.2
26.2
26.2
26.2
26.1
26.1
26.2
26.2
26.2
26.2
26.2
26.2
26.1
26.2
26.2
26.2
26.2
26.1
