28.6
28.9
28.7
29.0
29.1
29.4
29.6
29.6
29.5
29.7
29.7
29.9
30.0
29.7
29.9
30.1
30.2
30.2
30.0
30.0
30.2
30.2
30.3
30.3
30.1
30.0
30.0
30.2
30.5
30.2
30.2
30.3
30.4
30.4
30.3
30.2
30.3
30.3
30.3
30.4
30.1
30.2
30.3
30.4
30.5
30.4
30.3
30.3
30.4
30.6
30.5
30.2
30.3
30.4
30.5
30.6
30.4
30.2
30.4
30.5
30.6
30.6
30.2
30.3
30.4
30.5
30.5
30.4
30.3
30.4
30.5
30.6
30.6
30.2
30.2
30.3
30.4
30.5
30.2
30.2
30.3
30.4
30.5
30.6
30.2
30.3
30.4
30.4
30.5
30.2
30.3
30.5
30.6
30.7
30.5
30.4
30.4
30.5
30.6
30.7
30.3
30.4
30.5
30.6
30.7
30.4
30.4
30.6
30.5
30.6
30.6
30.3
30.4
30.4
30.5
30.5
30.2
30.2
30.3
30.3
30.4
30.4
30.3
30.4
30.5
30.5
30.5
30.3
30.4
30.4
30.5
30.6
30.4
30.3
30.3
30.5
30.6
30.6
30.3
30.4
30.5
30.6
30.7
30.3
30.4
30.4
30.5
30.5
30.4
30.2
30.3
30.3
30.5
30.7
30.3
30.3
30.5
30.6
30.7
30.7
30.3
30.5
30.6
30.6
30.6
30.3
30.3
30.4
30.5
30.6
30.4
30.3
30.3
30.5
30.5
30.6
30.3
30.3
30.5
30.6
30.6
30.3
30.4
30.5
30.7
30.7
30.5
30.5
30.6
30.6
30.7
30.5
30.4
30.4
30.4
30.6
30.7
30.3
30.3
30.4
30.5
30.6
30.3
30.3
30.3
30.4
30.6
30.5
30.3
30.4
30.4
30.4
30.6
30.3
30.3
30.5
30.5
30.6
30.6
30.3
30.4
30.5
30.6
30.7
30.5
30.4
30.5
30.5
30.7
30.6
30.3
30.4
30.4
30.5
30.5
30.2
30.2
30.4
30.4
30.5
30.4
30.3
30.4
30.5
30.7
30.7
30.4
30.4
30.5
30.6
30.6
30.6
30.3
30.4
30.5
30.6
30.6
30.5
30.4
30.4
30.5
30.6
30.6
30.3
30.3
30.4
30.5
30.6
30.3
30.3
30.4
30.5
30.6
30.5
30.2
30.3
30.4
30.3
30.5
30.2
30.3
30.3
30.3
30.4
30.3
30.3
30.4
30.4
30.5
30.6
30.2
30.3
30.3
30.5
30.6
30.3
30.3
30.4
