27.0
44.7
44.2
43.8
38.0
38.6
44.1
44.2
44.3
44.4
44.5
44.5
44.5
44.6
44.6
44.7
44.8
44.8
44.9
44.9
45.0
45.0
35.9
36.4
36.5
36.6
36.6
36.8
36.7
36.9
37.0
37.2
37.4
38.0
45.3
45.3
45.3
45.3
45.3
45.3
45.3
45.3
45.3
45.2
45.2
45.2
45.2
45.2
45.2
45.2
45.2
45.5
45.2
33.9
34.4
41.1
41.3
41.7
42.2
42.5
42.8
43.1
43.5
43.7
43.9
44.1
44.3
44.5
44.6
44.7
44.8
44.9
45.0
45.0
45.1
45.2
45.2
45.3
45.3
45.4
45.4
45.4
45.5
45.5
45.4
45.2
45.2
45.2
45.3
45.4
45.4
45.3
45.3
45.3
45.1
45.1
45.1
45.1
45.1
45.1
45.1
45.2
45.1
45.4
45.4
45.4
45.3
45.3
45.3
45.3
44.7
35.5
35.5
35.5
35.6
35.7
35.7
35.6
35.8
36.3
43.6
35.9
35.8
35.9
35.9
36.0
36.3
42.6
42.6
42.7
42.8
42.8
42.5
42.8
43.0
42.9
43.2
43.4
43.3
35.9
44.5
44.3
43.8
43.4
43.4
43.6
43.8
43.9
35.1
44.5
44.6
44.8
44.8
44.7
44.1
43.5
43.7
43.9
43.6
37.8
38.4
38.9
44.1
44.2
44.3
44.2
43.9
44.0
43.7
43.1
37.2
36.8
36.7
36.4
36.2
43.2
43.4
43.7
43.9
44.1
44.3
44.5
44.7
44.8
44.9
45.0
45.1
45.3
45.3
45.4
45.3
45.4
45.4
45.4
45.4
45.4
45.4
45.5
45.5
45.6
45.5
45.6
45.6
45.6
45.6
45.6
45.6
45.7
45.7
45.7
45.7
45.7
45.7
45.7
45.7
45.6
45.5
45.5
45.4
39.3
39.6
44.9
44.7
44.8
44.9
44.9
44.9
45.0
45.1
45.1
45.1
45.1
45.2
45.2
45.3
45.4
45.4
45.3
45.3
45.4
45.4
45.5
45.5
45.5
45.5
45.5
45.5
45.5
45.6
45.6
45.6
45.7
45.7
45.7
45.7
45.7
45.7
45.8
45.7
45.7
45.7
45.8
40.5
39.9
39.5
39.8
40.2
40.5
40.7
40.7
40.9
41.3
41.8
42.1
42.4
42.8
43.1
43.4
43.6
43.9
44.1
44.4
44.6
44.7
44.8
44.9
45.0
45.1
45.2
45.1
45.2
45.2
45.3
45.3
45.2
45.2
45.3
45.4
45.4
