27.9
65.1
65.2
35.7
35.8
35.9
35.6
40.7
40.7
40.2
34.3
34.6
34.6
34.9
34.7
34.7
34.1
34.2
33.9
33.7
33.6
33.0
32.9
32.9
32.7
32.3
26.4
26.4
26.4
26.5
26.4
26.4
26.4
26.4
26.4
26.3
26.7
26.7
26.6
26.5
34.5
27.8
28.3
28.2
28.4
28.5
28.6
28.8
28.6
28.8
28.9
28.9
29.0
29.0
28.8
29.0
29.1
29.1
29.2
29.0
29.1
29.2
29.3
29.3
29.3
29.3
29.4
29.5
29.7
29.5
29.7
29.7
29.7
29.8
29.8
29.5
29.4
29.4
29.5
29.4
29.1
29.2
29.3
29.4
29.5
29.2
29.3
29.4
29.5
29.5
29.1
29.2
29.3
29.4
29.5
29.5
29.2
29.4
29.3
29.4
29.5
29.2
29.3
29.2
29.4
29.4
29.1
29.1
29.3
29.3
29.4
29.4
29.2
29.3
29.4
29.5
29.6
29.3
29.3
29.3
29.4
29.5
29.2
29.1
29.2
29.3
29.4
29.1
29.2
29.3
29.3
29.5
29.2
29.2
29.3
29.4
29.4
29.3
29.1
29.2
29.2
29.3
29.4
29.1
29.1
29.2
29.2
29.6
29.3
29.3
29.4
29.6
29.6
29.6
29.3
29.4
29.4
29.5
29.6
29.3
29.3
29.3
29.5
29.6
29.3
29.2
29.3
29.4
29.5
29.7
29.3
29.4
29.5
29.6
29.6
29.3
29.3
29.4
29.4
29.5
29.3
29.4
29.5
29.4
29.4
29.2
29.1
29.2
29.2
29.4
29.2
29.2
29.3
29.4
29.5
29.6
29.1
29.2
29.3
29.4
29.5
29.2
29.3
29.3
29.4
29.5
29.4
29.2
29.3
29.4
29.4
29.5
29.2
29.2
29.3
29.4
29.4
29.2
29.1
29.1
29.3
29.3
29.4
29.1
29.2
29.4
29.4
29.4
29.1
29.2
29.2
29.3
29.4
29.2
29.1
29.2
29.3
29.3
29.2
29.0
29.1
29.2
29.3
29.3
29.0
29.1
29.1
29.2
29.3
29.0
29.0
29.1
29.2
29.2
29.2
29.0
29.1
29.3
29.4
36.8
26.8
27.1
27.5
27.7
28.0
28.0
28.0
28.2
28.8
28.9
29.0
28.9
29.0
29.3
29.4
29.5
29.1
29.1
29.3
29.4
29.5
29.3
29.3
29.3
29.4
29.5
29.5
29.2
29.4
29.6
29.6
29.7
29.6
29.4
29.4
29.5
29.5
29.5
29.2
29.2
29.3
29.4
29.5
29.3
29.1
29.2
29.3
29.4
29.4
29.1
29.1
29.2
29.3
29.4
29.2
29.2
29.3
29.3
29.4
29.5
29.3
29.4
29.4
35.1
29.5
29.1
29.2
29.2
29.4
29.4
29.2
29.2
29.3
29.3
29.4
29.2
29.2
29.3
29.3
29.5
29.4
29.2
29.3
29.3
29.5
29.5
29.1
29.2
29.3
29.3
29.4
29.2
29.3
29.4
29.4
29.5
29.4
29.3
29.4
29.5
29.6
29.6
29.3
29.3
29.4
29.4
29.5
36.6
29.1
29.1
29.2
29.3
29.4
29.0
29.1
29.2
29.3
29.2
29.1
29.0
29.0
29.2
29.3
29.2
29.1
29.0
29.1
29.2
29.3
29.0
29.0
29.1
29.2
29.2
28.9
29.0
29.1
29.2
29.3
29.4
29.1
29.2
29.2
29.3
29.3
29.0
29.1
29.2
29.1
29.1
28.8
29.3
29.4
29.5
29.4
29.2
29.3
29.3
29.4
29.4
29.1
29.1
29.1
29.2
29.3
29.0
29.0
29.1
29.2
29.2
29.1
29.0
29.1
29.2
29.3
29.3
29.0
29.0
29.1
29.1
29.2
29.0
29.1
29.1
29.2
29.3
29.2
29.0
29.2
29.3
29.3
29.3
29.1
29.1
29.2
29.3
29.3
28.9
29.0
29.1
29.2
29.2
28.9
29.0
29.1
29.2
29.2
29.2
29.0
29.1
29.1
29.3
29.3
28.9
29.0
29.0
29.1
29.1
29.0
29.1
29.1
29.2
29.3
29.0
29.0
29.1
29.2
29.2
28.9
28.9
29.0
29.1
29.2
29.2
28.9
29.1
29.1
29.2
29.3
29.0
29.1
29.1
29.2
29.3
29.0
29.0
29.2
29.1
29.2
29.0
29.1
29.2
29.2
29.2
29.1
29.0
29.1
29.2
29.3
29.3
28.9
29.0
29.1
29.2
29.3
28.9
29.0
29.1
29.1
29.2
29.0
28.9
28.9
29.0
29.1
29.0
28.8
28.9
28.9
29.1
29.2
28.9
29.0
29.1
29.2
29.2
28.9
29.0
29.1
29.2
29.2
29.1
28.9
29.0
29.0
29.1
29.3
29.0
29.0
29.1
29.2
29.3
29.0
29.1
29.1
29.2
29.3
29.1
29.1
29.1
29.3
29.3
29.2
29.1
29.2
29.3
29.2
29.0
28.8
29.0
28.9
29.0
29.1
28.8
28.8
28.9
29.0
29.1
28.9
28.9
29.0
29.1
29.1
29.2
28.8
29.0
29.0
29.1
29.1
28.7
29.0
29.1
29.2
29.3
29.1
29.0
29.1
29.1
29.2
29.0
29.0
29.2
29.2
29.3
29.3
29.0
29.2
29.2
29.2
29.3
29.0
29.0
29.1
29.2
29.3
29.0
29.1
29.1
29.2
29.2
29.0
28.9
29.0
29.1
29.2
29.2
28.9
29.1
29.2
29.4
29.5
29.1
29.1
29.0
29.0
29.1
29.0
28.9
29.0
29.0
29.1
29.2
28.9
29.0
29.1
29.1
29.1
28.8
28.9
29.0
29.1
29.2
28.9
29.0
29.0
29.2
29.2
29.3
29.0
29.1
29.2
29.4
29.6
29.2
29.2
29.3
29.3
29.4
29.0
29.2
29.2
29.3
29.4
29.2
29.0
29.1
29.2
29.2
29.3
29.0
29.1
29.0
29.2
29.1
28.9
28.8
28.8
28.9
29.0
29.1
28.8
28.9
29.1
29.2
29.2
28.9
29.0
29.0
29.1
29.4
29.4
29.1
29.2
29.2
29.2
29.2
29.0
29.0
29.1
29.2
29.3
29.3
29.0
29.1
29.2
29.3
29.4
29.0
29.1
29.2
29.3
29.3
29.1
29.1
29.2
29.3
29.4
29.2
29.0
29.1
29.2
29.3
29.3
29.0
29.1
29.1
29.2
29.3
29.0
29.1
29.2
29.2
29.3
29.2
29.0
29.1
29.1
29.1
29.1
28.7
28.9
29.0
29.1
29.2
28.9
29.0
29.2
29.3
29.3
29.3
29.1
29.2
29.3
29.4
29.5
29.1
29.2
29.2
29.3
29.3
29.2
29.0
29.2
29.3
29.2
29.3
28.9
29.0
29.1
29.2
29.1
28.8
29.0
29.1
29.1
29.2
28.9
29.1
29.2
29.4
29.5
29.6
29.2
29.3
29.4
29.5
29.4
29.2
29.1
29.2
29.3
29.3
29.4
29.2
29.2
29.4
29.5
29.4
29.3
29.1
29.2
29.2
29.3
29.4
29.1
29.1
29.2
29.3
29.4
29.3
29.2
29.5
29.4
29.4
29.5
29.2
29.2
29.2
29.4
29.4
29.2
29.1
29.2
29.1
29.2
29.1
28.9
28.9
29.0
29.0
29.2
28.8
29.0
29.0
29.1
29.2
29.1
28.9
29.0
29.1
29.2
29.2
28.9
29.1
29.3
29.3
29.4
29.1
29.0
29.2
29.2
29.2
29.3
29.0
29.1
29.1
29.3
29.2
29.0
29.1
29.2
29.3
29.4
29.1
29.1
29.2
29.3
29.4
29.2
29.0
29.2
29.3
29.4
29.5
29.2
