34.3
42.0
42.3
35.7
41.8
41.9
41.7
41.3
40.9
41.0
41.2
41.6
41.9
35.3
42.2
42.0
42.2
42.5
42.8
42.9
43.2
37.6
37.5
37.1
37.4
42.8
42.8
36.8
45.3
39.7
40.0
45.3
45.3
45.3
45.3
45.3
45.3
45.2
44.7
44.2
43.8
43.6
43.3
43.0
43.3
43.6
43.8
44.0
44.2
44.3
43.9
43.6
43.5
43.8
43.2
42.9
43.2
43.4
43.7
43.6
43.4
43.6
43.8
43.9
43.3
43.2
43.4
43.6
43.8
44.0
38.0
38.0
45.3
45.3
45.4
45.4
45.4
45.5
45.4
44.9
44.4
38.4
39.0
45.9
45.8
45.3
44.7
44.1
44.0
44.2
44.3
44.3
44.5
44.6
44.5
34.1
34.3
34.6
42.6
42.8
43.2
43.5
43.8
44.1
44.3
44.5
44.6
44.7
45.0
45.1
44.5
44.0
44.2
44.4
