56.7
78.2
55.1
37.8
37.8
37.7
42.8
33.4
33.7
33.3
33.6
39.1
39.3
39.5
33.9
34.2
34.4
34.2
33.8
33.3
33.1
32.9
32.5
26.0
26.0
26.0
26.1
26.1
26.1
26.1
26.1
26.2
26.1
26.6
26.5
28.5
28.7
29.1
28.9
29.0
29.1
29.3
29.3
29.3
29.1
29.2
29.4
29.5
29.5
29.1
29.3
29.4
29.5
29.6
29.2
29.3
29.4
29.4
29.7
29.6
29.3
29.4
29.6
29.6
29.8
29.6
29.6
29.7
29.8
29.7
29.4
29.5
29.5
29.5
29.5
29.2
29.3
29.4
29.5
29.6
29.4
29.4
29.4
29.5
29.5
29.2
29.3
29.4
29.5
29.5
29.4
29.3
29.3
29.4
29.5
29.5
29.4
29.5
29.5
29.6
29.6
29.4
29.5
29.5
29.5
29.6
29.2
29.4
29.5
29.5
29.5
29.3
29.2
29.3
29.3
29.5
29.4
29.1
29.1
29.1
29.2
29.3
29.0
29.1
29.2
29.2
29.4
29.2
29.2
29.2
29.2
29.3
29.2
29.1
29.2
29.3
29.3
29.2
29.1
29.2
29.3
29.7
29.7
29.4
29.4
29.5
29.6
29.7
29.4
29.4
29.5
29.6
29.7
29.3
29.3
29.4
29.4
29.6
29.5
29.4
29.4
29.5
29.5
29.5
29.2
29.4
29.4
29.5
29.6
29.3
29.3
29.4
29.4
29.4
29.1
29.2
29.3
29.4
29.4
29.3
29.2
29.2
29.3
29.4
29.3
29.3
29.3
29.4
29.4
29.5
29.2
29.3
29.4
29.4
29.5
29.5
29.3
29.4
29.4
29.5
29.5
29.1
29.2
29.3
29.4
29.4
29.1
29.1
29.2
29.2
29.3
29.1
29.1
29.2
29.3
29.3
29.5
29.1
29.3
29.3
29.4
29.6
29.2
29.3
29.4
29.4
29.5
29.4
29.2
29.4
29.4
29.4
29.4
29.2
29.1
29.3
29.3
29.4
29.4
29.1
29.2
29.3
29.3
29.5
29.2
29.2
29.3
29.4
29.4
29.5
29.1
29.1
29.6
30.2
30.2
29.8
29.8
29.8
29.8
29.8
29.5
29.5
36.6
30.3
30.2
29.9
29.9
29.9
30.0
30.0
30.0
29.6
29.7
35.5
30.1
30.0
29.8
29.5
29.6
29.6
29.7
29.6
29.3
29.5
29.6
29.7
29.7
29.3
29.4
29.4
29.4
29.5
29.3
29.3
29.3
29.4
29.5
29.4
29.1
29.2
29.2
29.3
29.3
29.0
29.1
29.1
29.3
29.4
29.2
29.0
29.2
29.3
29.3
29.4
29.1
29.2
29.2
29.3
29.4
29.1
29.1
29.2
29.2
29.3
29.3
29.1
29.2
29.3
29.4
29.4
29.2
29.2
29.2
29.3
29.4
29.4
29.1
29.2
29.3
29.4
29.4
29.1
29.1
29.2
29.2
29.3
29.2
29.1
29.2
29.3
29.3
29.4
29.0
29.1
29.2
29.3
29.3
29.0
29.0
29.2
29.3
36.4
28.2
28.2
28.4
28.6
28.7
28.7
28.6
28.7
28.8
28.9
29.1
28.7
28.9
29.0
29.0
29.3
28.9
29.0
29.2
29.2
29.3
28.9
29.0
29.1
29.1
29.2
29.1
28.9
28.9
29.1
29.2
29.2
28.9
29.0
29.1
29.2
29.2
29.1
29.0
29.1
29.2
29.2
29.3
29.6
29.6
29.6
29.8
29.8
29.4
29.4
29.5
29.5
29.5
29.3
29.2
29.3
29.4
29.5
29.4
29.2
29.2
29.3
29.4
29.4
29.0
29.1
29.2
29.3
29.3
29.1
29.0
29.1
29.2
29.4
29.3
29.1
29.2
29.3
29.4
29.5
29.2
29.3
29.3
29.4
29.5
29.5
29.2
29.3
29.4
29.4
29.5
29.1
29.1
29.2
29.2
29.3
29.2
29.0
29.2
29.3
29.5
29.5
29.2
29.2
29.3
29.4
29.5
29.2
29.2
29.3
29.4
29.4
29.5
29.1
29.1
29.3
29.2
29.3
29.1
29.0
29.2
29.2
29.3
29.2
29.0
29.1
29.2
29.3
29.3
28.9
29.1
29.2
29.3
29.4
29.2
29.0
29.1
29.2
29.3
29.4
29.2
29.2
29.3
29.3
29.4
29.2
29.1
29.2
29.3
29.4
29.3
29.1
29.2
29.3
29.4
29.4
29.1
29.2
29.3
29.4
29.5
29.6
29.2
29.2
29.3
29.4
29.4
29.2
29.3
29.3
29.3
29.4
29.4
29.2
29.3
29.4
29.4
29.5
29.1
29.2
29.3
29.4
29.4
29.1
29.1
29.3
29.3
29.4
29.4
29.2
29.2
29.4
29.4
29.5
29.2
29.2
29.3
29.4
29.5
29.1
29.2
29.3
29.5
29.5
29.3
29.2
29.2
29.2
29.3
29.2
29.0
29.1
29.2
29.4
29.4
29.1
29.1
29.2
29.3
29.4
29.2
29.1
29.3
29.3
29.4
29.4
29.0
29.1
29.2
29.3
29.4
29.1
29.0
29.3
29.3
29.4
29.5
29.1
29.1
29.3
29.4
29.4
29.3
29.1
29.2
29.3
29.4
29.4
29.1
29.1
29.3
29.3
29.4
29.1
29.2
29.2
29.3
29.3
29.3
29.1
29.2
29.3
29.3
29.4
29.1
29.2
29.4
29.4
29.5
29.4
29.2
29.3
29.4
29.4
29.5
29.2
29.2
29.3
29.3
29.4
29.3
29.1
29.2
29.3
29.4
29.4
29.1
29.2
29.3
29.3
29.4
29.1
29.1
29.1
29.2
29.4
29.5
29.2
29.2
29.3
29.3
29.4
29.2
29.2
29.2
29.3
29.3
29.1
29.1
29.2
29.3
29.3
29.2
29.1
29.2
29.3
29.4
29.4
29.0
29.2
29.2
29.3
29.4
29.0
29.2
29.2
29.3
29.5
29.2
29.3
29.4
29.5
29.6
29.5
29.3
29.2
29.3
29.4
29.4
29.1
29.2
29.2
29.3
29.4
29.3
29.1
29.2
29.3
29.4
29.4
29.1
29.1
29.2
29.3
29.4
29.0
29.0
29.1
29.4
29.5
29.3
29.2
29.3
29.3
29.4
29.4
29.0
29.1
29.3
29.4
29.4
29.4
29.1
29.3
29.3
29.4
29.4
29.1
29.2
29.3
29.2
29.3
29.3
29.1
29.2
29.3
29.3
29.4
29.0
29.2
29.3
29.4
29.5
29.3
29.2
29.3
29.3
29.4
29.3
29.0
29.2
29.2
29.3
29.3
29.0
29.1
29.1
29.2
29.4
29.1
29.1
29.2
29.3
29.3
29.3
29.0
29.2
29.3
29.4
29.3
29.1
29.2
29.3
29.4
29.6
29.3
29.3
29.4
29.4
29.5
29.3
29.1
29.3
29.4
29.4
29.5
29.1
29.2
29.3
29.4
29.4
29.2
29.0
29.2
29.2
29.4
29.4
29.1
29.2
29.3
29.3
29.4
29.2
29.3
29.4
29.5
29.5
29.2
29.0
29.1
29.2
29.3
29.2
29.0
29.2
29.2
29.3
29.4
29.2
29.1
29.2
29.3
29.3
29.5
29.1
29.1
29.2
29.3
29.4
29.2
29.1
29.2
29.2
29.3
29.3
29.1
29.2
29.2
29.3
29.4
29.1
29.1
29.2
29.3
29.4
29.3
29.0
29.1
29.1
29.1
29.1
29.1
29.0
29.0
29.1
29.1
29.2
28.9
28.8
29.0
29.0
29.2
29.1
28.9
29.0
29.2
29.4
29.4
29.1
29.1
29.2
29.1
29.2
28.9
29.0
29.0
