27.2
27.7
32.8
32.6
32.6
32.7
32.6
32.4
32.2
32.1
32.3
32.3
32.3
39.3
33.4
33.3
33.0
33.1
33.4
33.3
33.3
33.2
33.1
32.9
33.0
32.8
33.1
33.5
33.3
33.3
33.1
32.9
32.6
32.8
33.1
33.0
33.1
32.9
39.5
39.4
39.4
39.4
39.3
39.1
32.0
32.0
32.4
39.3
39.3
39.3
38.7
30.5
30.7
30.8
31.0
30.9
30.9
30.9
31.1
31.1
31.1
31.2
31.8
32.1
32.3
32.5
32.4
32.7
32.9
32.7
32.5
32.3
32.3
32.3
32.5
32.6
32.7
32.6
32.6
32.6
32.4
32.5
32.7
32.8
33.0
32.8
32.6
32.3
32.2
32.1
32.0
31.9
31.7
31.6
31.7
31.8
31.6
31.8
38.2
37.7
32.6
32.4
32.3
32.3
32.7
33.1
33.1
33.5
33.5
33.7
33.6
33.5
33.3
33.2
33.3
32.9
32.6
32.4
32.5
32.4
32.4
32.5
32.6
32.6
32.5
32.7
32.4
32.3
32.3
32.4
32.1
32.0
32.2
32.1
32.2
32.4
32.4
32.5
38.4
38.5
38.6
38.7
38.8
32.4
39.1
32.6
32.6
32.5
32.7
32.5
32.3
32.2
32.2
32.1
32.2
32.0
32.1
32.1
32.1
32.2
32.3
32.6
32.5
32.5
32.4
32.4
32.5
32.4
32.7
32.6
32.5
38.6
38.3
38.0
31.4
31.6
32.2
32.3
32.5
32.3
32.2
32.1
32.2
32.2
32.4
32.8
32.6
32.6
32.3
32.2
32.1
32.0
31.9
31.9
31.9
32.1
32.1
32.0
32.2
32.4
32.3
32.0
32.1
32.0
31.8
32.2
32.1
32.1
32.1
32.0
31.9
31.8
32.0
32.3
32.5
32.5
32.5
32.3
37.4
31.2
31.1
31.3
31.2
31.2
31.2
36.6
30.9
31.0
31.5
31.5
31.6
31.9
32.0
32.1
32.3
32.4
32.5
32.7
32.9
32.8
32.6
32.6
32.4
32.5
32.4
32.3
32.2
32.1
32.1
32.0
31.8
38.2
33.0
32.7
32.4
32.3
32.1
32.0
31.9
31.7
31.6
31.7
31.7
31.6
31.6
31.4
31.5
31.7
31.2
30.6
30.2
29.8
29.4
29.2
28.9
28.7
28.4
28.2
28.1
28.0
27.9
27.8
27.7
27.6
27.6
27.5
27.4
27.6
27.5
27.4
27.3
27.3
27.2
27.2
27.2
27.2
27.1
27.1
27.1
27.2
27.2
27.1
27.1
27.1
27.0
27.0
27.0
27.0
27.0
27.0
27.0
27.0
27.0
26.9
26.9
26.9
26.9
26.9
26.9
26.9
26.9
26.9
26.9
27.0
26.9
26.9
27.2
27.4
27.4
27.4
27.3
27.2
27.2
27.1
27.2
27.1
27.1
27.1
27.1
27.0
27.0
27.0
27.0
27.0
27.0
27.0
27.0
27.0
27.0
27.0
27.0
27.1
27.0
27.0
27.0
27.0
27.0
27.0
27.1
27.0
27.0
27.0
27.0
27.0
27.0
27.0
27.0
27.0
27.0
27.0
27.0
27.0
27.0
27.0
27.0
27.0
27.0
27.0
27.0
27.1
27.1
27.1
27.1
27.1
27.1
27.1
27.1
27.0
27.0
27.1
27.1
27.1
27.1
27.0
27.1
27.0
27.1
27.0
27.0
27.0
27.0
27.0
27.0
27.0
27.0
27.0
27.0
27.0
27.0
26.9
26.9
26.9
26.9
26.9
26.9
26.9
26.9
26.9
26.9
27.0
26.9
26.9
27.0
27.0
27.0
27.0
27.0
27.0
27.0
27.0
27.0
27.0
27.0
26.9
26.9
26.9
26.9
26.9
27.2
27.2
27.1
27.1
27.1
27.0
27.0
26.9
26.9
27.0
27.0
27.0
27.0
27.0
27.0
27.0
27.0
26.9
26.9
26.9
27.0
27.0
26.9
27.0
26.9
27.0
27.0
27.0
27.0
27.0
