34.3
34.3
34.3
34.7
43.8
43.9
43.8
37.4
37.7
37.8
43.8
43.9
43.9
44.1
44.1
44.2
44.1
44.2
44.3
44.3
44.4
44.4
44.4
44.5
44.5
44.5
44.6
44.6
44.6
44.7
44.6
44.7
44.7
44.4
44.3
44.2
44.3
44.3
44.2
43.9
43.4
43.1
43.0
43.2
43.4
43.6
43.7
43.8
43.9
44.1
44.2
44.2
44.2
44.3
44.3
44.4
43.8
37.4
37.9
38.4
38.8
45.1
45.0
36.1
36.0
36.2
36.2
36.0
35.8
36.0
36.5
44.9
44.9
44.3
44.4
44.4
44.4
44.5
44.5
44.5
44.5
44.6
44.7
39.3
39.9
40.5
41.1
41.6
42.0
42.5
42.8
43.1
43.4
43.6
43.9
44.0
44.1
44.3
44.5
44.6
44.7
44.8
44.9
44.9
45.0
45.1
45.1
45.1
44.8
44.5
44.0
43.4
43.1
42.7
42.4
36.6
43.4
43.2
42.9
35.7
35.6
35.8
36.0
36.0
36.6
43.4
43.4
43.5
43.4
43.5
43.5
43.6
43.7
35.9
36.3
36.4
36.4
44.5
44.4
44.4
44.6
44.7
44.6
44.6
44.6
44.7
44.7
44.8
44.8
44.8
44.7
44.7
44.7
44.8
44.8
44.7
44.8
44.9
44.9
44.9
45.0
45.0
45.1
45.1
45.2
45.2
45.2
45.2
45.2
45.3
44.8
44.2
43.8
43.9
43.8
43.6
43.5
43.2
43.0
43.2
43.4
43.6
43.8
44.0
44.2
44.2
44.2
44.2
44.3
44.4
44.4
44.5
44.5
44.6
44.7
44.7
44.8
44.9
44.8
44.7
44.8
44.8
44.9
44.9
44.9
44.9
45.0
45.0
45.0
45.0
45.0
45.0
45.0
45.1
45.0
45.0
45.0
45.0
44.5
44.0
43.4
43.4
43.6
43.7
43.9
44.0
44.1
44.2
44.3
44.4
44.5
44.6
44.7
44.8
44.9
44.9
45.0
45.1
45.0
44.9
44.9
44.9
44.8
44.8
44.7
44.7
44.6
44.7
44.6
44.4
44.4
44.5
44.5
44.5
44.6
45.0
39.9
40.2
40.3
40.6
41.1
41.6
41.5
41.4
41.7
42.1
42.5
42.8
43.2
43.5
43.7
43.9
44.3
44.6
44.8
44.8
44.8
44.8
44.6
44.1
43.9
43.9
44.0
44.0
44.0
44.0
44.1
44.1
44.1
43.7
43.2
35.3
40.9
41.0
40.9
40.7
40.8
40.6
40.7
40.6
