33.9
43.0
42.4
42.4
42.6
42.7
42.8
42.3
41.9
42.0
42.5
42.8
42.9
42.4
42.2
42.0
41.9
42.3
42.1
41.8
41.9
42.3
42.6
42.9
43.1
42.9
33.6
33.7
40.9
41.3
41.8
42.2
42.6
42.8
43.1
43.3
43.5
43.7
43.9
44.1
43.8
43.5
43.3
42.9
42.9
42.8
42.5
42.3
42.5
42.5
42.2
42.4
42.8
42.9
37.6
37.6
38.0
38.1
44.7
44.6
44.0
38.6
38.6
38.8
38.4
38.5
38.2
38.0
37.9
37.7
37.6
37.7
37.9
37.9
38.2
43.4
42.8
42.4
42.7
42.9
37.0
37.1
43.2
43.1
38.0
37.8
38.4
44.1
43.7
43.1
36.8
43.2
43.3
43.4
43.7
43.9
44.0
44.2
44.3
44.5
44.5
44.5
44.5
44.5
44.3
44.3
44.4
44.6
44.7
44.7
44.6
44.6
44.3
37.6
37.7
37.5
37.7
38.3
45.3
45.2
45.2
44.8
44.3
43.8
43.8
43.9
44.1
44.2
44.4
44.2
44.1
44.2
44.3
44.3
44.4
44.4
44.5
44.5
44.4
44.2
44.3
44.4
44.5
44.7
44.8
44.9
44.9
45.0
45.1
45.2
45.2
45.3
45.3
45.3
45.3
45.3
45.3
45.3
45.3
45.4
45.4
45.4
45.4
45.5
45.6
45.6
45.5
45.6
45.6
45.6
45.6
45.6
45.6
45.6
45.5
45.5
45.4
45.5
45.5
45.5
45.5
45.5
45.4
45.5
45.5
45.6
45.6
45.6
45.6
45.6
45.6
45.6
45.6
45.5
45.5
45.5
45.5
45.5
45.6
45.6
45.6
45.6
45.5
45.5
45.6
45.6
45.6
45.6
45.5
45.4
45.5
45.4
40.1
39.8
40.4
41.0
40.9
41.3
41.8
42.3
42.8
43.2
43.5
43.7
43.9
44.2
44.3
44.4
44.5
44.7
44.8
45.0
45.0
45.1
45.2
45.3
45.3
45.4
45.4
45.5
45.5
45.6
45.6
45.6
45.6
45.7
45.7
45.8
45.7
45.8
45.8
45.8
45.9
45.9
45.9
45.9
45.9
46.0
45.9
45.9
45.9
46.0
46.0
45.9
45.9
46.0
46.0
45.8
45.9
45.8
45.8
45.9
45.9
45.9
45.9
45.8
45.9
45.8
45.7
45.7
45.7
45.7
45.7
45.6
45.6
45.6
45.5
45.4
45.5
45.5
45.4
45.5
45.9
45.9
51.3
51.1
50.5
