80845 53745 90972 87609 51295 4384 5764
81736 56198 89932 86922 53624 4358 5731
81919 56222 88584 87001 51329 4386 5740
82449 54625 92739 87492 51286 4395 5744
82049 56366 86979 87518 51309 4386 5739
82068 56197 88838 87358 51281 4390 5741
81626 55296 92407 87168 51301 4390 5721
81878 55609 86857 87267 53282 4389 5739
81396 55046 91711 86890 53955 4390 5722
81365 56271 92834 87201 51299 4390 5741
81962 56824 91038 86608 51282 4390 5718
81843 55401 95281 86820 51290 4389 5734
81508 55587 90116 86578 53696 4388 5741
81618 54274 86874 87453 51297 4391 5744
81667 55975 91289 86465 53501 4397 5747
81888 55452 93907 86894 51309 4390 5718
81834 53982 92415 86677 53634 4381 5736
81613 54294 94253 86461 51765 4387 5736
81641 52947 90946 87203 53585 4393 5725
81676 55525 92062 86625 53647 4390 5744
81339 56088 89523 86697 51332 4391 5733
81823 55588 89535 86604 53796 4389 5763
82208 55992 86075 86472 51289 4387 5724
81811 55290 90576 86737 51310 4390 5743
81919 54497 87976 86437 51285 4389 5753
81422 55512 84797 86575 51757 4385 5741
81151 56574 89333 87737 53606 4390 5764
81660 55698 88504 87061 51313 4395 5760
81694 56269 88166 86992 51290 4387 5730
81525 55207 91355 87392 51363 4393 5724
81922 57024 90819 87498 51829 4338 5737
81717 54860 90910 86295 51346 4389 5747
81986 56629 86504 87254 51791 4390 5735
81623 55291 93582 86775 51755 4386 5727
81904 55785 92340 86761 53570 4337 5744
82202 54515 85082 86357 51289 4395 5743
81653 55645 97301 87044 51351 4387 5728
81631 55613 86967 86793 51304 4388 5726
81738 56708 91390 87354 51303 4387 5747
81614 56128 93892 86451 51907 4385 5750
81842 56186 90329 87374 51307 4395 5735
81708 57402 89184 87467 53524 4387 5753
81451 57145 90291 87776 51345 4391 5739
81444 57050 89378 86616 53482 4391 5744
81585 55862 94592 86433 51349 4393 5739
81395 55113 91612 87196 53519 4388 5733
81702 55761 93556 86173 53513 4393 5743
81091 55631 89761 87244 51289 4392 5725
80918 55744 89898 87014 51273 4361 5750
81371 53896 90531 86911 51838 4387 5737
