114132 38422 3001 22056 5208535 6223 116668
113315 38402 2972 21958 5208430 6221 128852
116748 39509 2989 23278 5208404 6211 129049
114112 38085 3001 21727 5208452 6234 128654
115039 37809 2977 21908 5208377 6231 128843
114577 36804 2976 23673 5208389 6241 128407
114989 39218 2975 22389 5208410 6226 128491
113734 39101 3007 22025 5208383 6222 116929
114575 39425 3002 22167 5208488 6243 116555
113259 39355 3006 21872 5208456 6232 129031
115573 37600 2995 21779 5208443 6219 128623
115052 38762 3000 21622 5228508 6233 128778
114541 38391 3000 21382 5208410 6219 128825
115395 38741 2976 18442 5468467 6220 128818
114988 38628 2977 22107 5208395 6217 116817
115286 39248 2974 22241 5208411 6207 129133
116738 39456 2985 19985 5208487 6240 116666
115941 38651 2986 21611 5208480 6244 128615
116857 37802 2970 21649 5208467 6229 128860
115868 38284 2963 21744 5208275 6208 116629
114890 38113 2981 21651 5208342 6223 128951
114175 38984 2991 21614 5208280 6216 116680
113777 38902 2963 21472 5208447 6232 128804
114284 38395 2985 21782 5208369 6241 128443
116373 39144 2984 21124 5208335 6225 116814
116104 38169 2960 22516 5208468 6222 128401
117554 39182 3000 21113 5208408 6219 128514
116837 39492 2972 21898 5208535 6205 116554
113762 38606 2983 20932 5208444 6235 128688
117457 38791 2980 22309 5208437 6224 116725
114707 38307 2994 22244 5208535 6210 128466
114175 41009 2997 21658 5208325 6229 128624
114989 38089 2975 21576 5208423 6211 116496
114460 38787 2992 20907 5208282 6204 128955
114772 38519 2989 20689 5208563 6237 128378
113931 38715 2990 21515 5208354 6228 128450
113956 39270 2979 21668 5208463 6245 116432
115006 38372 2981 22304 5208308 6209 128661
113725 36224 2990 22192 5208401 6206 128675
121148 39421 2998 22552 5208396 6203 128694
114897 38990 2986 21891 5208420 6229 128868
114955 39387 2987 21697 5208349 6238 116916
113656 39445 2972 21684 5208553 6208 128562
113267 37966 3002 22255 5208383 6229 128478
113429 38587 2979 20417 5208485 6228 128716
115717 38242 2957 22009 5208435 6225 116406
114118 38393 2982 23501 5208349 6225 128473
115934 38229 2976 22399 5208424 6233 116972
117033 39859 2973 21536 5208428 6244 116945
112942 38701 2981 21842 5208390 6212 128524
