128492 41818 51306 21074 0 26395 0
127657 46781 54554 21668 0 26388 0
129692 46516 52490 23036 0 26361 0
128206 45884 50543 22218 0 26397 0
127698 44977 50840 23763 0 26368 0
128020 44666 49206 22829 0 26397 0
130155 45334 51729 21892 0 26372 0
127676 46489 51372 21805 0 26379 0
129742 45546 55456 21489 0 26371 0
128598 45099 51878 22065 0 26389 0
127978 45185 50686 21972 0 26367 0
130150 44967 52855 21487 0 26390 0
130390 43143 52601 23727 0 26374 0
128465 45439 50808 22704 0 26392 0
128033 45935 52023 22342 0 26376 0
129027 44792 51444 21586 0 26385 0
130042 46213 49456 21580 0 26389 0
128760 45936 50022 21577 0 26398 0
128276 44807 52991 20641 0 26373 0
130240 45608 49145 22615 0 26392 0
130066 44620 50260 21660 0 26374 0
129813 46362 52453 21653 0 26394 0
129877 44634 50344 22131 0 26395 0
129867 43763 50804 22107 0 26372 0
127136 44773 53400 20968 0 26395 0
129885 46067 52147 20521 0 26374 0
128761 45354 50208 22770 0 26365 0
129124 45371 48934 22157 0 26392 0
128923 44928 50946 22714 0 26395 0
127780 46405 49643 21382 0 26368 0
126958 43380 51626 21443 0 26363 0
130346 45458 47897 21988 0 26379 0
130301 45309 47933 22113 0 26392 0
127912 45951 52462 22763 0 26392 0
128373 44543 49473 21209 0 26395 0
129172 46061 50544 20972 0 26378 0
128409 45318 51168 21626 0 26377 0
130022 45317 49947 21620 0 26396 0
127135 47682 52691 21153 0 26391 0
129985 46480 47838 21664 0 26386 0
128138 46762 50409 21264 0 26375 0
128877 46307 49795 22397 0 26385 0
129515 44935 52349 23019 0 26374 0
129995 45149 52487 20242 0 26397 0
127688 44513 49851 22149 0 26393 0
129925 42933 51738 21890 0 26372 0
130407 43898 52463 22061 0 26392 0
127599 45066 48470 21848 0 26403 0
130112 44804 50860 22178 0 26393 0
124395 46979 50655 22181 0 26394 0
