27.7
45.1
45.2
45.4
45.5
45.5
45.1
45.2
45.3
45.4
45.6
45.5
45.6
45.6
45.8
45.8
45.9
45.7
45.9
46.0
46.1
46.3
46.2
46.0
46.1
46.3
46.3
46.4
46.3
46.4
46.4
46.5
46.6
46.7
46.4
46.4
46.6
46.6
46.6
46.4
46.3
46.4
46.4
46.2
46.2
46.1
46.1
46.2
46.3
46.4
46.3
46.1
46.3
46.3
46.5
46.5
46.4
46.3
46.4
46.5
46.7
46.9
46.6
46.6
46.7
46.7
46.8
46.7
46.5
46.6
46.5
46.6
46.7
46.5
46.4
46.5
46.6
46.7
46.7
46.5
46.2
46.3
46.4
46.4
46.3
46.2
45.9
45.9
46.0
46.1
46.0
46.1
46.2
46.3
46.4
46.5
46.1
46.2
46.4
46.5
46.6
46.5
46.3
46.4
46.5
46.6
46.7
46.5
46.5
46.6
46.7
46.7
46.8
46.5
46.5
46.6
46.7
46.8
46.8
46.5
46.6
46.7
46.9
47.0
46.8
46.9
46.9
46.9
46.9
47.0
46.7
46.8
46.8
46.9
46.9
46.7
46.6
46.7
46.8
46.8
46.9
46.6
46.7
46.7
46.8
46.9
46.9
46.7
46.8
46.8
46.9
46.9
46.8
46.7
46.9
47.0
47.0
47.0
46.7
46.8
46.8
46.7
46.9
46.9
46.7
46.8
46.8
46.9
46.9
46.8
46.8
46.9
47.1
47.1
47.1
46.9
47.0
46.9
47.0
47.0
46.9
46.7
46.8
46.6
46.7
46.9
46.7
46.7
46.7
46.8
46.9
47.0
46.8
46.8
46.9
47.0
47.0
46.9
46.8
46.9
46.9
47.0
47.0
46.8
46.8
46.9
47.0
47.0
47.1
46.9
46.9
47.0
46.9
47.0
46.9
46.7
46.8
47.0
47.0
47.1
46.8
46.8
46.7
46.8
46.9
46.9
46.7
46.8
46.8
46.8
46.9
46.8
46.7
46.8
46.9
47.0
47.0
46.8
46.8
46.9
46.9
47.0
47.1
46.8
46.9
46.8
46.8
46.9
46.9
46.7
46.8
46.9
46.9
47.1
46.8
46.9
46.9
47.0
47.1
47.1
46.8
46.9
46.9
47.0
47.1
46.9
46.7
46.8
46.8
46.9
46.9
46.5
46.6
46.7
46.7
46.7
46.6
46.4
46.6
46.8
46.8
46.9
46.8
46.8
46.9
46.9
46.9
46.6
46.3
46.5
46.7
46.8
46.9
46.9
46.8
46.9
46.9
47.0
47.1
46.9
46.9
47.0
47.0
47.1
47.1
46.8
46.8
46.9
46.9
47.0
47.0
47.0
47.0
47.1
47.2
47.2
46.9
47.0
47.0
47.1
47.1
47.1
46.8
46.9
47.0
47.0
47.1
47.1
46.9
46.9
47.0
47.0
47.1
46.8
46.8
46.9
47.0
46.9
47.0
46.7
46.8
47.0
47.0
47.1
47.0
46.9
47.0
47.1
47.1
47.1
46.8
46.7
46.7
46.8
46.9
46.9
46.7
46.8
46.9
46.9
46.9
46.8
46.6
46.7
46.8
46.8
46.9
46.7
46.8
46.9
47.0
47.0
47.1
46.8
46.8
46.9
47.0
47.1
47.0
46.8
46.9
46.9
47.0
47.0
46.8
46.8
46.9
46.9
46.7
46.8
46.5
46.6
46.7
46.8
46.9
46.8
46.7
46.8
46.8
46.9
47.0
46.8
46.7
46.8
47.0
47.1
47.1
46.9
46.9
47.0
47.1
47.1
47.0
46.9
46.9
46.9
46.9
47.0
46.8
46.8
46.9
46.9
47.0
47.0
46.8
46.8
47.0
47.0
47.1
46.9
46.8
46.9
46.9
47.0
47.1
46.9
46.9
47.0
47.1
47.1
47.1
46.9
46.9
47.0
47.0
47.1
47.0
46.9
47.0
47.1
47.1
47.2
46.9
46.9
47.0
46.8
46.9
46.8
46.7
46.8
46.9
46.9
47.0
46.9
46.9
46.9
47.0
47.0
47.1
46.8
46.9
46.9
47.0
47.1
47.0
46.9
46.9
47.0
