35.7
42.2
42.5
42.8
43.1
43.3
43.6
43.8
43.9
44.0
44.1
44.1
44.2
44.1
44.3
44.3
44.4
44.5
44.6
44.6
44.8
44.8
44.9
44.9
45.0
45.0
45.0
45.0
45.0
44.9
44.9
44.9
44.9
44.9
44.9
44.9
44.9
44.9
44.9
44.9
45.0
45.0
45.1
45.1
45.1
45.1
45.2
45.2
45.2
45.2
45.2
45.1
45.1
45.1
45.1
37.2
44.7
44.0
37.4
37.4
37.7
44.1
44.2
44.5
44.6
44.8
44.8
45.1
45.1
45.3
45.3
45.2
45.3
45.4
45.4
45.2
45.2
45.2
45.3
45.3
44.6
44.7
44.6
44.3
36.4
36.5
41.8
42.7
43.0
43.0
43.2
43.5
43.7
44.0
44.0
44.1
44.3
44.5
44.6
43.8
43.4
43.1
43.3
43.5
43.8
44.1
44.3
44.6
44.8
45.0
45.1
45.1
45.2
45.2
45.2
45.3
45.2
45.2
45.3
45.3
45.4
45.4
45.4
45.4
45.5
45.4
45.3
45.2
45.1
45.0
44.7
44.5
44.4
44.3
44.3
44.3
44.4
44.3
44.1
44.0
44.1
44.3
44.4
38.4
38.6
39.0
45.5
45.5
45.5
45.6
45.5
45.6
45.6
45.6
45.6
45.5
45.6
45.6
45.5
45.5
45.5
45.5
45.5
45.5
45.3
44.7
44.5
44.6
44.6
44.5
44.5
44.5
44.6
44.7
44.7
44.7
44.9
45.1
45.1
45.1
45.2
45.3
45.3
45.3
45.3
45.0
45.2
45.2
45.3
45.4
45.4
45.4
45.4
45.5
45.5
45.3
39.7
39.8
39.8
39.9
45.1
45.1
45.2
45.2
45.2
45.2
45.3
45.3
45.3
45.3
45.4
45.3
45.4
45.4
45.4
45.4
45.4
45.4
45.4
45.4
45.4
45.4
45.5
45.5
45.4
45.4
45.4
45.5
45.5
45.4
45.3
45.4
45.4
45.5
45.6
45.6
45.6
45.7
45.7
45.7
45.8
45.7
45.7
45.8
45.8
45.9
45.9
45.9
45.9
45.9
45.9
45.9
45.9
45.9
46.0
46.0
45.9
45.9
45.9
45.9
45.9
45.9
