25.5
41.8
42.1
42.5
42.8
43.1
43.3
43.5
43.7
43.9
44.0
44.0
44.1
43.9
44.0
44.1
44.2
44.2
44.3
44.4
44.5
44.6
44.8
44.8
44.9
44.9
44.9
44.9
45.0
45.0
44.7
44.7
44.4
44.1
43.7
43.7
43.8
43.9
43.5
43.3
43.2
43.3
43.5
43.5
43.7
43.9
44.0
44.2
44.1
44.3
44.3
44.3
44.4
44.5
44.5
44.6
44.7
44.7
44.8
44.8
44.8
44.7
44.8
44.9
44.9
45.0
44.9
44.9
45.0
45.0
45.0
45.0
45.0
44.4
43.9
43.5
37.0
36.9
43.2
43.3
43.6
43.8
43.9
44.1
44.2
44.3
44.4
44.4
44.5
44.5
44.6
44.6
44.7
44.2
38.2
44.7
44.7
44.8
44.8
44.8
44.7
44.7
44.3
43.9
43.7
43.7
43.3
43.0
43.3
43.5
43.6
43.8
43.9
44.0
44.0
44.1
44.1
44.1
43.6
43.6
43.7
43.7
43.6
43.6
43.8
43.9
44.0
43.9
43.5
43.3
43.4
43.6
43.8
43.5
43.7
43.8
44.0
44.1
44.0
43.5
43.3
37.8
37.9
37.7
37.8
38.0
38.1
38.3
38.4
37.9
37.9
44.7
44.4
44.0
43.8
43.7
43.5
43.3
42.7
42.4
42.3
41.8
42.3
42.2
42.1
42.4
42.7
43.1
43.3
43.5
43.6
43.2
42.8
42.5
42.4
42.2
41.6
41.2
40.7
40.2
40.7
41.2
41.7
42.2
42.5
42.8
43.1
43.4
43.7
43.9
43.9
44.1
44.3
44.4
44.6
44.6
44.7
44.8
44.9
44.9
44.6
38.2
38.2
38.7
39.2
39.7
40.1
40.1
40.7
41.2
41.7
42.0
42.2
41.7
41.4
40.9
40.7
40.6
40.5
40.5
40.8
40.9
40.7
41.2
41.7
42.1
42.5
42.7
42.7
42.6
42.9
43.2
43.4
43.5
43.7
43.9
44.1
44.1
44.3
44.4
44.4
44.6
44.6
44.7
44.8
44.8
44.8
44.8
44.9
44.9
45.0
44.9
45.0
45.0
45.0
45.1
45.1
45.1
45.1
45.2
45.2
45.1
45.1
45.2
45.2
45.2
45.1
45.1
44.9
38.8
38.5
38.4
38.5
39.0
44.7
44.7
44.5
44.3
44.1
44.0
44.1
44.3
44.3
44.4
44.4
44.5
44.7
44.7
44.6
44.5
44.6
44.7
44.8
44.9
44.7
44.4
44.1
43.7
43.8
43.6
