29.6
29.6
37.8
32.2
32.4
32.2
32.6
32.4
32.1
32.4
32.1
31.9
31.9
31.8
37.2
37.6
30.9
30.9
30.7
30.5
30.6
31.1
31.0
30.4
30.0
29.4
29.0
28.6
28.2
28.0
27.7
27.5
27.3
27.1
32.2
25.7
26.0
26.1
26.5
26.5
26.8
26.8
26.9
26.8
26.8
26.8
26.8
26.8
26.8
26.7
26.8
26.9
26.9
26.9
26.9
26.9
26.9
26.9
26.9
26.9
27.2
27.2
27.1
27.0
27.0
27.0
27.0
27.0
26.9
26.9
26.9
26.9
26.8
26.8
26.7
26.8
26.8
26.8
26.8
26.8
26.8
26.8
26.9
26.8
26.9
27.0
27.0
26.9
26.9
26.9
26.8
26.8
26.8
26.8
26.8
26.7
26.8
26.8
26.7
26.7
26.7
26.7
26.6
26.6
26.6
26.6
26.6
26.9
26.9
26.8
26.9
26.8
26.8
26.8
26.8
26.8
26.7
26.7
26.7
26.7
26.7
26.8
26.8
26.8
26.7
26.8
26.7
26.7
26.7
26.7
26.7
26.6
26.6
26.6
26.6
26.6
26.6
26.6
26.6
26.6
26.7
26.7
26.8
26.8
26.7
26.9
26.9
26.8
26.9
26.8
27.4
27.3
27.2
27.1
27.1
27.1
27.0
27.0
26.9
26.9
26.9
26.8
26.8
26.8
26.7
26.7
26.7
26.8
26.7
26.7
26.7
26.7
26.7
26.7
26.6
26.7
26.6
26.6
26.6
26.6
26.6
26.7
26.6
26.6
26.6
26.6
26.7
26.7
26.7
26.6
26.7
26.6
26.8
26.7
26.9
26.8
26.8
26.8
26.8
26.7
26.8
26.7
26.7
26.7
26.7
26.7
26.6
26.7
26.7
26.7
26.6
26.6
26.6
26.6
26.6
26.6
26.6
26.6
32.4
27.0
26.9
26.8
26.8
26.8
26.8
26.7
26.7
26.7
26.9
26.8
26.8
26.8
26.7
26.7
26.7
26.7
26.6
26.7
26.7
26.7
26.7
26.7
26.7
26.6
26.6
26.7
26.7
26.6
26.6
26.6
26.6
26.6
26.5
26.5
26.5
26.6
26.6
26.5
26.8
32.6
32.0
31.5
26.4
26.4
36.4
26.6
26.5
26.5
26.7
26.7
26.7
26.7
26.7
26.7
26.6
26.6
26.6
26.6
26.6
26.6
26.6
26.5
26.5
26.6
26.5
26.5
26.5
26.5
26.5
26.5
26.5
26.5
26.5
26.5
26.5
26.5
26.5
26.5
26.5
26.5
26.5
26.5
26.5
26.5
26.5
26.5
26.5
26.5
26.5
26.5
26.5
26.5
26.5
26.8
26.8
26.8
26.8
26.7
26.7
26.7
26.7
26.7
26.6
26.6
26.6
26.6
26.6
26.6
26.6
26.5
26.5
26.5
26.5
26.5
26.5
26.5
26.5
26.6
26.5
26.5
26.5
26.5
26.5
26.5
26.5
26.5
26.5
26.5
26.4
26.4
26.5
26.5
26.4
26.5
26.7
26.7
26.7
26.8
26.8
26.7
26.7
26.8
26.7
26.7
26.7
26.7
26.7
26.7
26.7
26.6
26.6
26.6
26.6
26.6
26.6
26.5
26.5
26.6
26.5
26.6
26.6
26.6
26.6
26.6
26.6
26.5
26.5
26.5
26.5
26.5
26.5
26.6
26.5
26.5
26.6
26.6
26.6
26.5
26.5
26.5
26.5
26.5
26.5
26.5
26.5
26.5
26.5
26.5
26.5
26.5
26.5
26.6
26.6
26.5
26.5
26.6
26.6
26.6
26.5
26.5
26.5
26.6
26.6
26.6
26.5
26.5
26.5
26.5
26.5
26.5
26.5
26.5
26.5
26.4
26.5
26.5
26.5
26.5
26.4
26.4
26.5
26.5
26.5
26.5
26.5
26.5
26.5
26.6
26.5
26.5
26.5
26.5
26.5
26.5
26.5
26.5
26.5
26.5
26.5
26.5
26.5
26.5
26.5
26.5
26.5
26.5
26.5
26.5
26.5
26.5
26.5
26.5
26.5
26.5
26.5
26.5
26.5
26.5
26.5
26.5
26.5
26.5
26.5
26.5
26.5
26.6
26.6
26.6
26.6
26.5
26.5
26.5
26.5
26.5
26.5
26.5
26.6
26.6
26.5
26.5
26.5
26.5
26.6
26.5
26.5
26.5
26.5
26.5
26.5
26.5
26.5
26.5
26.5
26.5
26.5
26.5
26.5
26.5
26.5
26.5
26.5
26.5
26.4
26.5
26.5
26.5
26.5
26.5
26.5
26.5
26.5
26.5
26.5
26.4
26.4
26.5
26.5
26.5
26.5
26.5
26.5
26.5
26.5
26.5
26.5
26.5
26.5
26.5
26.5
26.5
26.5
26.5
26.5
26.5
26.5
26.5
26.5
26.5
26.5
26.7
26.9
26.9
27.1
27.0
26.9
26.9
26.8
26.8
26.7
26.7
26.6
26.6
26.6
26.6
26.6
26.5
26.5
26.5
26.5
26.6
26.5
26.5
26.5
26.5
26.5
26.5
26.5
26.5
26.5
26.5
26.5
26.5
26.5
26.5
26.5
26.5
26.5
26.5
26.5
26.5
26.5
26.5
26.4
26.5
26.4
26.4
26.5
26.5
26.5
26.5
26.5
26.5
26.4
26.5
26.4
26.5
26.5
26.5
26.4
26.4
26.5
26.5
26.5
26.5
26.5
26.5
26.5
26.5
26.4
26.4
26.4
26.4
26.5
26.5
26.4
26.4
26.4
26.4
26.5
26.5
26.5
26.5
26.5
26.4
26.4
26.4
26.4
26.4
26.4
26.4
26.4
26.4
26.4
26.4
26.4
26.4
26.4
26.4
26.4
26.4
26.4
26.4
26.5
26.5
26.5
26.5
26.5
26.5
26.5
26.5
26.5
26.4
26.4
26.4
26.4
26.4
26.4
26.5
26.4
26.4
26.5
26.4
26.5
26.5
26.4
26.5
26.4
26.4
26.4
26.5
26.5
26.4
26.4
26.4
26.4
26.4
26.4
26.4
26.4
26.5
26.4
26.4
26.4
26.4
26.4
26.4
26.4
26.4
26.4
26.4
26.4
26.4
26.5
26.5
26.4
26.5
26.5
26.5
26.5
26.4
26.5
26.5
26.5
26.5
26.4
26.4
26.5
26.5
26.4
26.4
26.4
26.4
26.4
26.4
26.5
26.5
26.5
26.5
26.4
26.5
26.5
26.5
26.5
26.5
26.5
26.5
26.5
26.5
26.5
26.5
26.5
26.4
26.4
26.4
26.4
26.4
26.4
26.4
26.4
26.3
26.4
26.4
26.4
26.4
26.4
26.4
26.4
26.4
26.4
26.4
26.5
26.5
26.4
26.4
26.4
26.4
26.4
26.5
26.4
26.4
26.4
26.5
26.5
26.4
26.4
26.3
26.4
26.4
26.4
26.4
26.4
26.4
26.4
26.4
26.4
26.3
26.4
26.4
26.4
26.4
26.5
26.5
26.5
26.5
26.5
26.5
26.5
26.5
26.6
26.5
26.5
26.5
26.5
26.5
26.5
26.5
26.4
26.5
26.5
26.5
26.4
26.4
26.4
26.4
26.4
26.4
26.4
26.3
26.4
26.4
26.4
26.3
26.4
26.4
26.4
26.4
26.4
26.4
26.4
26.4
26.4
26.5
26.5
26.4
26.4
26.4
26.5
26.5
26.5
26.5
26.4
26.5
26.5
26.4
26.4
26.4
26.4
26.4
26.4
26.6
26.7
26.7
26.7
26.7
26.6
26.6
26.6
26.6
26.6
26.6
26.5
26.5
26.5
26.5
26.5
26.5
26.5
26.8
26.8
26.7
26.7
26.6
26.6
26.6
