36.6
30.0
29.6
29.7
29.7
29.8
29.9
29.5
29.5
29.7
29.8
29.8
29.5
29.5
29.6
29.5
29.6
29.3
29.4
29.4
29.4
29.5
29.4
29.2
29.4
29.9
29.9
29.9
29.6
29.5
29.9
29.8
29.9
29.6
29.6
29.6
29.7
29.7
29.3
29.4
29.5
29.5
29.6
29.4
29.3
29.4
29.5
29.7
29.6
29.3
29.4
29.4
29.5
29.5
29.3
29.3
29.4
29.5
29.7
29.3
29.4
29.5
29.6
29.6
29.5
29.3
29.3
29.4
29.4
29.2
29.2
29.4
29.5
29.5
29.5
29.2
29.3
29.5
29.6
29.6
29.2
29.2
29.3
29.4
29.4
29.1
29.1
29.2
29.3
29.4
29.5
29.2
29.5
29.6
29.6
29.7
29.3
29.4
29.4
29.5
29.6
29.3
29.3
29.4
29.5
29.6
29.3
29.6
29.6
29.7
29.8
29.6
29.5
29.6
29.6
29.6
29.5
29.3
29.4
29.5
29.6
29.7
29.4
29.4
29.6
29.7
29.7
30.1
42.4
48.4
48.4
48.1
47.6
31.8
31.9
31.7
31.8
31.9
32.0
40.1
49.0
32.4
32.0
31.9
26.8
27.0
27.4
27.8
28.1
27.9
28.2
28.4
28.6
28.8
28.7
28.8
29.0
29.1
29.2
29.2
29.0
29.1
29.2
29.3
29.3
29.1
29.2
29.3
29.4
29.5
29.3
45.5
37.0
43.4
48.6
48.0
31.2
31.5
41.3
34.3
40.3
28.2
28.4
28.6
28.8
29.1
28.9
29.0
29.1
29.2
29.3
28.9
29.0
29.2
29.3
29.4
29.1
29.2
29.3
29.5
29.4
29.1
29.2
29.3
29.5
29.6
29.4
29.3
29.4
29.5
29.5
29.5
29.2
29.3
29.4
29.4
29.4
29.1
29.3
29.4
29.5
29.4
30.0
30.0
30.0
30.0
30.0
29.6
29.6
29.7
29.8
30.1
30.0
29.9
30.0
30.1
30.2
29.8
29.8
29.9
29.9
29.9
29.6
29.7
29.8
29.7
29.8
29.7
29.5
29.6
29.6
29.6
29.7
29.3
29.2
29.3
29.6
29.7
29.4
29.3
29.5
29.5
29.5
29.3
29.2
29.2
29.3
29.4
29.4
29.0
29.2
29.2
29.3
29.4
29.2
29.2
29.3
29.4
29.4
29.2
29.2
29.3
29.4
29.4
29.4
29.1
29.2
29.8
29.8
29.8
29.4
29.5
29.5
29.6
29.6
29.2
29.3
29.4
29.4
29.6
29.4
29.2
29.3
29.3
29.3
29.1
29.0
29.2
29.2
29.3
29.3
29.0
29.2
29.2
29.4
29.5
29.2
29.2
29.4
29.4
29.5
29.3
29.2
29.3
29.3
29.3
29.0
29.0
29.2
29.3
38.2
32.2
31.6
31.4
31.2
31.1
30.9
30.4
30.3
30.2
30.2
30.2
29.7
29.7
29.6
29.7
29.7
29.7
29.4
29.5
29.6
29.6
29.7
29.3
29.4
29.4
29.4
29.5
29.5
29.2
29.2
29.2
29.3
29.4
29.1
29.2
29.2
29.3
29.4
29.1
29.2
29.2
29.4
29.4
29.7
29.9
29.9
30.0
29.9
29.6
29.6
29.7
29.7
29.7
29.3
29.4
29.4
29.5
29.6
29.4
29.2
29.3
29.4
29.5
29.4
29.1
29.2
29.3
29.4
29.4
29.1
29.1
29.2
29.3
29.2
29.0
29.0
29.1
29.2
29.2
29.1
29.0
29.1
29.2
29.4
29.4
29.1
29.2
29.2
29.3
29.4
29.1
29.2
29.2
29.3
29.4
29.1
29.1
29.2
29.3
29.4
29.2
29.2
29.3
29.3
29.4
29.5
29.1
29.2
29.3
29.4
29.5
29.2
29.3
29.4
29.4
29.4
29.1
29.2
29.3
29.3
29.4
29.2
29.1
29.3
29.3
29.4
29.4
29.1
29.2
29.2
29.3
29.2
28.9
29.0
29.1
29.3
29.4
29.0
29.1
29.2
29.3
29.4
29.2
29.2
29.2
29.3
29.4
29.3
29.2
29.2
29.2
29.3
29.2
29.0
29.1
29.2
29.4
29.3
29.1
29.2
29.2
29.3
29.4
29.1
29.1
29.1
29.2
29.2
29.0
29.0
29.1
29.2
29.4
29.3
29.3
29.4
29.0
29.2
29.2
29.4
29.1
29.1
29.1
29.2
29.3
29.0
29.1
29.2
29.2
29.2
29.0
29.1
29.1
29.3
29.4
29.3
29.1
29.2
29.3
29.3
29.4
29.1
29.3
29.4
29.5
29.5
29.2
29.3
29.3
29.4
29.4
29.2
29.1
29.2
29.2
29.3
29.2
29.0
29.2
29.3
29.4
29.5
29.1
29.2
29.3
29.4
29.5
29.2
29.2
29.2
29.4
29.5
29.3
29.2
29.3
29.4
29.5
29.5
29.2
29.3
29.4
29.4
29.4
29.0
29.2
29.3
29.5
29.6
29.3
29.2
29.4
29.5
29.5
29.4
29.2
29.4
29.4
29.5
29.6
29.3
29.3
29.4
29.5
29.6
29.3
29.4
29.5
29.4
29.5
29.3
29.3
29.3
29.4
29.3
29.4
29.1
29.1
29.2
29.3
29.4
29.1
29.2
29.2
29.3
29.4
29.2
29.1
29.2
29.2
29.3
29.5
29.1
29.2
29.3
29.4
29.5
29.2
29.3
29.4
29.4
29.5
29.1
29.2
29.3
29.4
29.8
29.7
29.5
29.5
29.6
29.7
29.7
29.3
29.4
29.5
29.6
29.6
29.3
29.3
29.4
29.4
29.4
29.2
29.2
29.3
29.4
29.5
29.7
29.4
29.4
29.4
29.5
29.6
29.3
29.3
29.4
29.5
29.5
29.3
29.3
29.3
29.4
29.5
29.4
29.1
29.3
29.3
29.4
29.4
29.1
29.2
29.3
29.3
29.4
29.4
29.1
29.1
29.3
29.3
29.4
29.1
29.2
29.3
29.3
29.4
29.1
29.2
29.3
29.4
29.4
29.1
29.2
29.3
29.4
29.4
29.1
29.1
29.2
29.3
29.4
29.2
29.1
29.2
29.3
29.3
29.3
29.0
29.1
29.2
29.3
29.2
29.1
29.2
29.3
29.4
29.5
29.1
29.2
29.3
29.2
29.3
29.0
29.1
29.3
29.3
29.4
29.1
29.2
29.3
29.4
29.5
29.4
29.2
29.3
29.4
29.5
29.4
29.2
29.3
29.4
29.5
29.6
29.2
29.3
29.4
29.4
29.4
29.1
29.2
29.2
29.3
29.4
29.3
29.1
29.3
29.3
29.5
29.6
29.2
29.3
29.4
29.4
29.4
29.0
29.1
29.2
29.3
29.4
29.2
29.4
29.4
29.5
29.7
29.7
29.4
29.5
29.5
29.6
29.6
29.3
29.2
29.3
29.4
29.5
29.3
29.1
29.2
29.3
29.3
29.3
29.0
29.2
29.3
29.3
29.4
29.0
29.2
29.2
29.4
29.4
29.1
29.2
29.3
29.4
29.5
29.2
29.3
29.2
29.4
29.4
29.1
29.2
29.3
29.4
29.5
29.4
29.2
29.2
29.3
29.4
29.4
29.1
29.1
29.2
29.4
29.4
29.1
29.2
29.3
29.4
29.4
29.3
29.2
29.3
29.5
29.5
29.5
29.2
29.3
29.4
29.5
29.3
29.0
