26.0
26.5
26.5
26.5
26.6
26.6
26.7
26.7
26.7
26.8
26.7
26.7
26.8
26.8
26.8
26.8
26.7
26.7
26.7
26.7
26.8
26.8
26.7
26.7
26.7
26.8
26.8
26.8
26.7
26.9
32.8
27.2
27.1
27.0
26.9
26.9
26.9
26.9
26.8
26.8
26.8
26.8
26.8
26.8
26.7
26.7
26.7
26.7
26.7
26.7
26.7
26.8
26.7
26.7
26.8
26.8
26.8
26.8
26.7
26.7
26.7
26.6
26.6
26.6
26.6
26.6
26.6
26.6
26.7
26.7
27.0
27.0
26.9
26.8
27.0
27.1
27.1
27.2
27.2
27.1
27.2
27.1
27.0
27.0
27.0
27.0
27.0
27.0
26.9
26.9
26.8
26.8
26.8
26.8
26.7
26.7
26.7
26.6
26.6
26.6
26.6
26.6
26.5
26.5
26.5
26.5
26.6
26.6
26.6
26.6
26.6
26.6
26.8
26.8
26.7
26.8
26.8
26.8
26.8
26.8
26.7
26.7
26.7
26.7
26.7
26.7
26.6
26.6
26.7
26.7
26.7
26.7
26.7
26.7
26.6
43.8
50.5
35.7
26.8
26.7
26.8
26.8
26.7
26.7
26.7
26.8
26.9
26.9
26.8
26.8
26.8
26.8
26.8
26.7
26.7
26.7
26.7
26.7
26.6
26.6
26.6
26.6
26.6
26.7
26.7
26.7
26.7
26.7
26.6
26.6
26.6
26.6
26.6
26.6
26.6
26.6
26.5
26.5
26.5
26.5
26.5
26.5
26.5
26.5
26.6
26.6
26.6
26.6
26.7
32.6
26.6
26.6
26.5
26.5
26.5
26.5
26.5
27.0
26.9
26.8
26.8
26.8
26.8
26.7
26.7
26.7
26.7
26.7
26.7
26.7
26.7
26.6
26.6
26.6
26.7
26.7
26.6
26.7
26.7
26.7
26.7
26.6
26.6
26.6
26.6
26.6
26.7
26.6
26.8
32.0
26.6
26.6
26.7
26.7
26.9
37.0
26.4
26.3
26.4
26.4
26.5
26.5
26.5
26.5
26.5
26.5
26.5
26.5
26.5
26.6
26.6
26.6
26.7
26.8
27.0
27.0
27.3
27.2
27.1
27.0
27.0
27.0
26.9
26.9
26.8
26.8
26.7
26.7
26.7
26.7
26.6
26.6
26.6
26.6
26.6
26.6
26.6
26.6
26.6
26.6
26.6
26.5
26.5
26.6
26.8
26.8
26.7
26.7
26.7
26.6
26.6
26.6
26.6
26.6
26.6
26.6
26.6
26.5
26.5
26.5
26.5
26.5
26.6
26.5
26.5
26.5
26.5
26.5
26.4
26.5
26.5
26.5
26.5
26.5
26.5
26.5
26.6
26.6
26.6
26.6
26.6
26.6
26.6
26.6
26.6
26.6
26.6
26.6
26.9
26.9
26.9
26.8
27.0
27.0
26.9
26.8
26.8
26.7
26.7
26.7
26.6
26.6
26.6
26.6
26.6
26.6
26.6
26.5
26.5
26.6
26.5
26.5
26.5
26.5
26.6
26.5
26.5
26.5
26.5
26.5
26.5
26.5
26.4
26.4
26.5
26.5
26.4
26.4
26.4
26.5
26.5
26.4
26.5
26.5
26.5
26.5
26.5
26.5
26.5
26.5
26.5
26.5
26.5
26.5
26.5
26.5
26.5
26.5
26.5
26.5
26.5
26.5
26.5
26.5
26.5
26.5
26.5
26.5
26.5
26.5
26.4
26.4
26.4
26.5
26.5
26.4
26.4
26.4
26.4
26.4
26.4
26.4
26.4
26.5
26.5
26.4
26.4
26.4
26.5
26.5
26.5
26.5
26.5
26.5
26.5
26.5
26.5
26.5
26.4
26.5
26.5
26.5
26.5
26.4
26.5
26.5
26.4
26.4
26.4
26.4
26.5
26.5
26.5
26.5
26.5
26.4
26.5
26.5
26.5
26.5
26.5
26.5
26.6
26.5
26.5
26.5
26.5
26.6
26.6
26.7
26.6
26.6
26.6
26.6
26.5
26.6
26.5
26.5
26.6
26.5
26.5
26.5
26.5
26.5
26.5
26.5
26.5
26.5
26.5
26.5
26.5
26.5
26.4
26.5
26.5
26.5
26.5
26.5
26.5
26.5
26.5
26.5
26.5
26.5
26.5
26.5
26.4
26.4
26.4
26.4
26.5
26.5
26.5
26.5
26.5
26.5
26.5
26.5
26.5
26.5
26.5
26.5
26.5
26.4
26.4
26.4
26.5
26.5
26.4
26.4
26.4
26.4
26.4
26.4
26.4
26.4
26.5
26.5
26.5
26.5
26.4
26.4
26.5
26.5
26.5
26.4
26.5
26.4
26.5
26.4
26.4
26.4
26.4
26.4
26.5
26.4
26.5
26.5
26.5
26.5
26.5
26.5
26.8
26.8
26.8
26.8
26.7
26.7
26.7
26.6
26.7
26.6
26.6
26.6
26.6
26.6
26.6
26.6
26.6
27.0
27.0
26.9
26.8
26.8
26.7
26.7
26.7
26.6
26.6
26.6
26.6
26.5
26.6
26.6
26.6
26.6
26.6
26.6
26.6
26.7
26.7
26.6
26.7
26.7
26.7
26.6
26.6
26.6
26.6
26.6
26.6
26.5
26.6
26.6
26.6
26.6
27.1
27.0
27.0
26.9
26.9
26.8
26.8
26.7
26.7
26.7
26.7
26.6
26.6
26.6
26.6
26.6
26.5
26.5
26.6
26.5
26.5
26.5
26.5
26.6
26.6
35.9
26.8
26.7
26.7
26.7
26.6
26.6
26.6
26.6
26.6
26.6
26.6
26.6
26.5
26.5
26.5
26.5
26.5
26.5
26.5
26.5
26.5
26.5
26.4
26.5
26.5
26.5
26.5
26.4
26.5
26.5
26.5
26.5
26.5
26.5
26.5
26.4
26.5
26.5
26.5
26.5
26.5
26.4
26.5
26.5
26.4
26.4
26.5
26.5
26.5
26.4
26.4
26.5
26.5
26.5
26.5
26.5
26.5
26.5
26.5
26.5
26.4
26.4
26.4
26.4
26.5
26.4
26.5
26.5
26.5
26.4
26.4
26.4
26.4
26.4
26.4
26.4
26.4
26.4
26.4
26.5
26.5
26.4
26.5
26.4
26.5
26.4
26.4
26.4
26.4
26.4
26.4
26.4
26.4
26.4
26.4
26.4
26.4
26.5
26.5
26.4
26.4
26.5
26.4
26.4
26.5
26.4
26.4
26.4
26.4
26.4
26.4
26.5
26.5
26.5
26.5
26.5
26.5
26.5
26.5
26.4
26.4
26.5
26.5
26.5
26.5
26.4
26.4
26.4
26.4
26.4
26.4
26.4
26.4
26.5
26.5
26.4
26.4
26.4
26.4
26.5
26.4
26.5
26.4
26.5
26.5
26.5
26.5
26.5
26.5
26.5
26.5
26.5
26.5
26.5
26.5
26.5
26.4
26.5
26.5
26.5
26.5
26.5
26.5
26.5
26.5
26.5
26.5
26.5
26.5
26.5
26.5
26.5
26.5
26.5
26.5
26.5
26.5
26.6
26.7
26.6
26.6
26.6
26.6
26.5
26.5
26.5
26.5
26.5
26.5
26.5
26.5
26.4
26.4
26.4
26.4
26.4
26.5
26.5
26.4
26.4
26.4
26.5
26.5
26.4
26.4
26.4
26.4
26.5
26.5
26.4
26.5
26.5
26.5
26.5
26.5
26.5
26.4
26.5
26.4
26.4
26.6
26.7
26.7
