Results for go and rest is ,13,13,13,13,13,13,13,13,13,13,13,13,13,13,13,13,13,13,13,13,13,13,13,13,13,13,13,13,13,13,13,13,13,13,13,13,13,13,13,13,13,13,13,13,13,13,13,13,13,13,13
Results for java, and rest is ,42,42,42,42,41,42,41,42,42,42,42,42,42,42,42,42,42,42,42,42,42,42,42,42,42,41,42,42,42,42,42,42,42,42,42,42,42,42,42,42,42,42,42,42,42,42,42,42,42,42,42
Results for javascript and rest is ,8,8,9,8,8,9,8,8,8,8,8,8,8,9,8,8,9,8,8,8,17,8,8,8,8,8,8,8,8,8,8,8,16,8,8,8,8,8,8,8,8,8,8,8,8,8,8,8,8,8,8
Results for python and rest is ,73,74,71,73,66,66,59,72,70,70,70,71,70,71,72,72,71,70,70,70,71,72,70,73,71,75,72,72,71,72,72,73,72,73,75,71,74,71,70,74,70,72,72,71,73,75,74,66,72,73,74
Results for go and :rpc is ,12,12,12,12,12,12,12,12,11,11,12,11,12,12,12,12,12,12,12,12,12,12,12,12,12,12,12,12,12,11,12,12,12,12,12,12,12,11,12,12,12,12,12,12,12,12,12,12,12,12,12
Results for java, and :rpc is 
Results for javascript and :rpc is ,3,3,3,4,4,4,3,3,4,3,3,3,3,3,3,4,3,4,3,3,3,3,3,4,4,3,4,3,3,3,3,4,3,3,3,3,3,4,3,3,4,3,4,3,3,3,4,3,3,3,3
Results for python and :rpc is ,70,71,69,70,69,65,62,71,77,69,62,69,71,62,74,66,67,69,70,63,73,71,90,67,71,67,63,72,72,78,75,83,81,74,72,68,66,70,71,71,67,69,71,63,70,73,67,72,72,72,67
Results for go and grpc is ,15,15,15,16,15,14,15,15,14,14,15,14,15,15,15,15,14,14,15,15,15,15,15,15,15,15,15,15,15,15,15,15,15,15,15,15,14,15,15,15,15,15,15,15,15,15,15,15,15,15,15
Results for java, and grpc is ,15,16,16,16,15,15,15,14,15,14,15,15,14,14,15,15,15,14,15,15,15,14,15,15,15,15,15,15,16,16,15,15,15,15,15,15,15,15,15,13,15,14,15,16,15,16,15,15,16,15,16
Results for javascript and grpc is ,1,2,1,1,1,1,1,1,1,1,1,1,2,1,1,1,1,1,1,2,1,1,1,2,1,1,1,1,1,1,1,2,1,1,1,1,1,1,1,1,1,1,1,1,1,1,1,2,1,1,1
Results for python and grpc is ,18,17,16,17,18,17,16,17,16,17,15,16,15,16,17,17,17,16,14,17,16,15,15,15,17,15,16,15,15,15,15,17,15,17,16,16,17,16,15,16,15,14,16,16,15,16,16,16,16,16,16
Results for go and jax_ws_rpc is 
Results for java, and jax_ws_rpc is ,43,43,43,43,44,43,43,43,43,43,43,43,43,43,43,43,43,43,43,43,43,43,43,43,43,43,43,43,43,43,43,43,43,43,43,43,43,43,43,43,43,43,43,43,43,43,43,43,43,43,43
Results for javascript and jax_ws_rpc is 
Results for python and jax_ws_rpc is 
