Results for go and rest is ,426.2,421.3,413.3,418.0,441.1,239.4,399.6,414.4,424.1,399.8,397.8,435.9,421.4,432.8,404.5,395.1,422.6,421.4,410.2,391.8,449.4,439.2,429.6,403.8,445.4,458.3,400.4,412.3,378.2,429.2,424.1,415.5,391.3,394.5,393.8,438.5,430.5,412.4,479.4,443.8,433.3,430.5,413.7,411.5,271.4,421.4,417.8,394.7,424.9,426.4,427.7
Results for java, and rest is ,1467.1,1513.0,1458.9,1508.4,1441.0,1501.9,1503.3,1480.3,1498.6,1490.0,1349.8,1462.8,1468.2,1453.7,1508.4,1457.5,1474.8,1499.1,1475.1,1452.7,1445.5,1467.0,1418.9,1449.8,1489.3,1514.3,1465.2,1493.3,1474.0,1485.5,1465.0,1500.2,1425.5,1507.9,1475.5,1503.1,1463.3,1458.8,1499.5,1446.1,1497.2,1494.4,1473.6,1469.7,1467.8,1431.0,1448.9,1471.5,1470.6,1470.6,1463.3
Results for javascript and rest is ,327.1,355.1,350.5,302.1,322.7,367.4,302.1,361.8,332.1,326.9,324.2,329.9,303.3,360.4,325.6,355.9,326.9,305.2,299.3,295.8,588.2,335.0,352.0,298.8,297.6,299.6,327.5,325.7,306.4,320.9,326.8,305.5,537.1,326.0,297.4,299.2,331.1,324.6,324.3,334.2,303.9,305.2,300.4,353.2,296.7,305.0,325.8,304.8,300.7,324.2,304.1
Results for python and rest is ,2465.4,2491.8,2364.2,2127.1,2255.2,2284.7,2040.8,2394.0,2383.9,2359.5,2354.7,2386.1,2362.6,2356.9,2403.9,2421.1,2396.1,2329.9,2347.4,2373.4,2368.2,2417.0,2362.4,2412.8,2363.2,2491.7,2405.8,2381.4,2448.4,2407.9,2435.0,2430.7,2391.1,2441.1,2453.4,2392.4,2443.8,2410.2,2321.4,2451.7,2300.8,2389.2,2402.0,2368.1,2438.4,2503.6,2458.5,2216.9,2373.3,2422.9,2474.7
Results for go and :rpc is ,376.6,380.6,382.6,371.0,405.5,417.3,368.4,414.8,395.0,397.8,367.7,0,181.0,400.3,380.9,376.1,414.1,418.0,377.0,369.6,378.7,393.1,368.7,391.0,406.7,392.3,382.3,414.9,419.1,385.0,371.7,375.9,359.7,370.6,384.9,405.3,423.1,419.9,409.3,405.1,418.0,393.4,390.6,376.3,392.1,408.4,425.2,410.7,412.4,373.7,379.5
Results for java, and :rpc is 
Results for javascript and :rpc is ,178.8,145.0,143.9,220.8,188.6,183.5,95.6,95.4,220.2,147.1,148.8,150.5,179.2,141.1,143.5,212.0,147.5,189.3,148.6,141.0,177.5,187.7,97.5,187.4,188.1,178.9,186.8,172.9,179.8,179.5,149.2,223.4,142.3,141.1,142.2,144.7,140.5,186.6,96.3,193.1,215.7,191.0,210.8,147.6,148.2,143.6,187.6,185.9,147.8,178.4,188.4
Results for python and :rpc is ,2155.3,2161.5,2058.3,2135.2,2107.8,2006.1,1912.2,2188.2,2341.8,2122.4,1979.5,2056.3,2187.9,1925.4,1695.0,2021.0,2106.0,2086.3,2136.6,1831.8,2203.3,2183.2,2677.0,2097.4,2182.7,2029.7,1887.9,2239.0,2203.5,2371.4,2321.3,2517.3,2507.5,2299.0,2192.0,2139.7,2091.4,2118.4,2137.0,2200.8,2059.3,2099.0,2144.6,1991.9,2134.6,2212.1,2062.6,2233.8,2210.4,2237.1,2051.9
Results for go and grpc is ,532.5,553.9,512.2,530.0,502.0,535.0,471.8,490.7,83.5,429.6,433.9,501.1,335.0,548.4,519.3,528.0,533.9,512.2,597.9,532.8,514.1,551.1,567.6,576.3,535.1,527.1,486.3,481.3,506.1,481.5,521.7,481.9,486.5,544.8,567.9,525.7,527.6,543.4,510.3,580.0,531.6,586.4,525.6,537.4,527.7,553.0,544.7,543.9,530.2,545.7,519.1
Results for java, and grpc is ,779.1,819.7,788.7,831.0,779.6,785.2,828.5,775.8,804.6,785.7,794.3,780.2,801.3,789.0,801.9,756.6,813.2,779.1,815.6,771.9,789.5,810.9,812.6,848.6,819.7,831.3,803.7,811.9,820.1,783.9,795.4,774.6,837.0,787.5,821.4,801.9,814.5,792.1,790.9,713.3,792.1,764.8,790.4,799.6,766.9,826.0,772.0,812.9,826.3,805.4,820.6
Results for javascript and grpc is ,75.1,44.9,75.2,37.0,75.9,79.4,43.6,73.8,40.5,45.3,74.1,74.6,81.9,75.2,44.9,81.1,42.4,39.1,45.1,81.1,75.6,38.6,46.1,74.8,44.1,82.1,75.3,74.6,82.5,75.6,75.4,39.5,26.9,47.0,41.8,42.2,75.4,74.8,45.9,41.8,37.6,37.6,36.6,75.7,75.0,41.1,73.1,39.9,45.7,79.0,39.7
Results for python and grpc is ,623.8,240.9,530.2,591.0,619.4,585.2,527.8,589.2,567.5,595.8,486.3,583.8,572.1,562.1,579.3,587.9,588.9,527.1,493.5,585.8,580.8,518.8,501.1,555.7,580.6,560.0,533.4,530.4,553.8,580.9,521.9,612.7,525.3,589.2,578.1,378.4,589.3,552.2,564.9,517.9,532.6,490.3,590.0,556.2,553.6,578.8,583.6,588.8,522.4,584.3,554.6
Results for go and jax_ws_rpc is 
Results for java, and jax_ws_rpc is ,1397.6,1391.3,1339.8,1383.8,1343.5,1413.5,1348.0,1350.6,1346.1,1371.7,1373.9,1339.0,1339.9,1371.9,1368.7,1351.1,1366.5,1341.8,1348.7,1351.2,1405.5,1342.8,1370.3,1375.3,1366.4,1337.4,1368.4,1367.9,1376.7,1340.2,1013.1,1371.2,1372.1,1376.9,1396.4,1365.1,1367.3,1342.2,1398.0,1344.5,1366.3,1363.3,1369.0,1355.4,1344.4,1342.9,1285.9,1364.3,1367.1,1371.4,1370.8
Results for javascript and jax_ws_rpc is 
Results for python and jax_ws_rpc is 
