Results for go and rest is ,13,13,13,13,13,13,13,13,13,13,13,13,13,13,13,13,13,13,13,13,13,13,13,13,13,13,13,13,13,13,13,13,13,13,13,13,13,13,13,13,13,13,13,13,13,13,13,13,13,13,13
Results for java, and rest is ,42,41,41,41,41,41,41,41,41,41,41,41,41,41,41,41,41,41,42,41,42,41,41,41,41,41,41,41,41,41,41,42,41,41,42,41,42,41,41,41,41,41,42,41,42,42,41,41,41,42,41
Results for javascript and rest is ,8,8,8,8,8,8,8,8,8,8,8,9,8,8,8,8,8,8,8,8,8,8,8,8,8,8,8,8,8,8,8,8,8,8,8,8,8,8,8,8,8,8,8,16,8,8,8,8,8,8,8
Results for python and rest is ,66,70,70,64,65,69,65,67,66,66,68,66,66,68,66,69,66,66,68,69,69,66,69,67,69,70,69,68,67,69,70,67,70,72,69,69,70,71,68,69,47,68,71,69,69,70,70,70,69,71,70
Results for go and :rpc is ,11,12,12,12,12,12,12,12,12,11,12,12,12,12,12,11,12,12,12,12,12,12,12,12,11,12,12,11,12,12,12,12,12,12,11,12,12,12,12,12,11,12,12,12,12,12,12,11,12,12,12
Results for java, and :rpc is 
Results for javascript and :rpc is ,3,4,4,3,3,3,3,3,4,3,4,5,3,4,4,3,3,3,4,3,4,3,3,3,3,4,3,3,4,3,3,3,3,4,3,3,4,4,3,3,4,3,4,3,3,3,4,4,3,3,3
Results for python and :rpc is ,66,68,65,66,72,72,77,67,68,74,68,68,71,68,67,70,68,68,61,69,77,64,68,72,61,106,215,125,105,98,125,65,72,70,63,66,70,70,70,90,53,71,72,71,117,68,67,70,68,61,70
Results for go and grpc is ,14,15,15,15,15,14,15,14,15,15,15,15,14,15,14,15,15,15,15,15,15,15,15,15,15,15,15,15,15,15,15,15,15,15,15,15,15,15,15,15,15,15,15,15,15,15,14,15,14,15,15
Results for java, and grpc is ,15,15,16,16,16,15,15,16,14,15,16,15,15,14,15,15,16,15,15,14,14,14,14,16,15,15,35,30,15,25,25,36,25,15,25,26,25,16,25,25,25,24,26,25,14,36,25,35,26,25,26
Results for javascript and grpc is ,1,1,1,1,1,1,1,1,1,1,1,1,1,1,1,1,1,1,1,2,1,1,1,1,1,1,1,1,1,1,1,1,1,1,1,1,1,1,1,1,1,1,1,1,1,1,1,1,1,1,1
Results for python and grpc is ,16,16,15,16,16,16,15,15,14,15,14,15,14,15,15,16,15,14,16,15,13,15,15,15,14,67,14,17,16,13,16,13,14,14,15,14,15,14,15,15,15,15,15,16,15,15,15,17,15,16,14
Results for go and jax_ws_rpc is 
Results for java, and jax_ws_rpc is ,43,43,43,43,43,43,43,43,43,43,43,43,43,43,43,43,43,43,43,43,43,43,43,43,43,43,43,43,43,43,43,43,43,43,43,43,43,43,43,43,43,43,43,43,43,43,43,43,43,43,43
Results for javascript and jax_ws_rpc is 
Results for python and jax_ws_rpc is 
