Results for go and rest is ,372.3,368.3,433.1,462.3,432.7,422.5,441.6,412.0,405.7,432.0,412.6,407.8,399.3,411.5,397.1,403.3,435.6,468.2,368.9,438.1,214.7,405.5,379.6,411.8,431.1,404.2,402.7,406.7,409.7,417.1,420.8,431.1,404.1,374.8,373.8,401.6,427.3,402.0,408.2,393.5,423.5,425.1,427.1,403.6,397.8,398.0,396.6,409.3,431.4,374.8,403.3
Results for java, and rest is ,1503.1,1497.5,1523.7,1575.7,1135.6,1582.8,1517.9,1564.7,1513.2,1547.4,1522.2,1533.9,1502.1,1501.8,1526.9,1493.8,1519.0,1548.2,1527.0,1495.4,1532.2,1528.1,1546.4,1547.8,1527.0,1521.9,1533.9,1542.3,1535.2,1520.3,1477.7,1536.1,1485.7,1489.7,1506.3,1491.2,1559.4,1511.2,1524.5,1396.4,1514.8,1485.4,1539.4,1496.9,1528.5,1535.7,1539.6,1504.7,1509.1,1521.5,1538.9
Results for javascript and rest is ,258.5,245.1,248.7,258.5,288.4,234.1,257.6,222.8,249.4,247.2,220.4,262.9,222.8,244.6,248.9,218.2,248.6,248.6,246.8,246.0,273.0,272.7,223.8,277.5,218.9,251.2,247.0,80.8,226.0,218.1,244.3,218.9,214.5,214.4,243.1,241.2,244.0,243.8,222.5,243.3,218.0,243.1,218.3,457.3,221.7,0,220.6,222.4,273.5,246.2,222.8
Results for python and rest is ,2103.0,2112.0,2127.5,2075.5,2117.2,2167.0,2076.7,2085.6,2036.2,2128.8,2128.3,2155.0,2105.2,2126.9,2049.6,2102.4,2088.4,2047.6,2131.2,2114.4,2094.1,2100.2,2156.6,2082.8,2134.8,2129.3,2141.9,2142.3,2116.0,2160.5,2141.4,2074.0,2140.5,2150.5,2058.5,2108.8,2146.9,2158.3,2168.2,2149.0,55.5,2096.1,2157.7,2091.3,2124.5,2140.1,2104.2,2136.6,2115.4,2195.2,1541.0
Results for go and :rpc is ,406.6,367.9,379.3,419.7,431.2,396.0,395.1,389.9,393.8,393.9,391.2,393.4,414.8,412.5,415.0,346.9,419.1,386.2,413.2,419.5,390.2,391.0,378.8,365.9,415.8,386.7,391.2,380.6,385.1,391.6,404.6,412.0,374.4,381.1,400.3,387.0,409.0,382.7,386.6,419.5,410.0,416.3,376.3,393.2,390.8,366.0,383.2,394.2,412.8,394.5,418.6
Results for java, and :rpc is 
Results for javascript and :rpc is ,86.6,146.0,115.4,85.1,84.9,124.0,120.7,54.1,117.4,54.2,109.1,171.4,81.5,115.8,115.2,114.2,82.2,82.0,137.9,114.3,109.7,81.7,115.0,81.3,81.6,110.6,81.3,111.8,119.8,80.3,81.0,115.8,113.0,142.6,80.1,112.3,142.1,145.3,80.9,53.6,135.1,115.4,113.8,111.9,115.2,126.3,143.0,144.4,81.8,82.1,88.2
Results for python and :rpc is ,2339.9,2292.1,2317.4,2423.0,2489.8,2486.5,2573.6,2345.7,2348.3,2461.9,2289.8,2364.8,2417.5,2342.1,2307.1,2334.3,2340.7,2290.2,2166.3,2371.2,2540.1,2246.1,2313.4,2349.7,2176.2,3328.7,6138.1,3805.6,3349.1,2996.5,3789.2,2238.8,2355.0,2334.0,55.1,2257.8,2293.7,2264.3,2340.3,2916.2,2088.0,2363.7,2311.4,2318.3,3558.8,2304.9,2290.0,2288.3,2345.2,2162.5,2328.6
Results for go and grpc is ,510.4,467.7,500.4,522.2,476.5,499.6,504.8,501.4,561.6,514.7,496.1,488.5,529.5,486.8,474.6,497.8,536.1,502.7,464.7,528.4,455.4,498.5,510.8,456.2,555.7,471.4,458.5,477.1,465.5,463.4,460.1,490.1,451.9,517.1,466.3,451.6,382.4,467.7,463.8,520.9,496.1,482.2,491.5,449.2,510.4,500.5,539.5,433.1,495.7,462.2,468.9
Results for java, and grpc is ,762.4,685.0,736.8,731.2,750.6,722.5,667.2,734.8,407.2,660.9,730.1,712.4,126.9,662.4,701.6,614.3,702.5,747.5,703.3,660.1,693.0,633.6,635.8,686.2,754.3,694.8,1264.4,1053.2,676.5,938.7,955.5,1207.0,958.7,725.9,916.2,965.7,959.1,705.5,953.7,900.7,909.7,911.9,937.0,972.4,723.4,1235.3,972.6,1204.3,980.9,982.3,1004.0
Results for javascript and grpc is ,28.9,27.8,27.7,57.5,57.7,29.3,57.1,27.7,27.7,55.4,27.7,27.7,27.7,55.4,55.6,28.0,28.1,96.6,55.7,55.8,55.6,55.6,27.8,27.8,28.0,27.9,55.3,62.2,28.2,27.5,55.0,27.3,27.6,27.5,27.4,54.9,27.5,55.7,27.4,27.4,55.2,55.2,27.5,55.5,27.5,27.5,27.5,27.8,55.8,55.7,27.8
Results for python and grpc is ,639.8,528.6,550.1,627.4,607.9,638.5,615.7,523.8,550.1,509.1,567.0,521.2,530.5,574.8,547.2,578.7,586.1,520.9,564.0,556.9,533.7,481.3,537.0,510.8,557.2,1890.8,479.9,625.3,631.8,492.9,559.9,525.4,507.8,567.3,580.0,520.6,513.7,524.5,579.3,575.2,572.4,555.7,547.4,591.8,569.0,582.4,513.6,581.7,535.8,576.5,549.4
Results for go and jax_ws_rpc is 
Results for java, and jax_ws_rpc is ,1110.5,1300.8,1351.3,1329.9,1376.9,1401.8,1369.7,1328.2,1301.5,1332.7,1327.8,1329.0,1303.0,1352.3,1365.4,1306.7,1328.8,1360.0,1333.7,1362.8,1301.5,1355.9,1331.4,1330.6,1356.5,1329.6,1325.6,1326.5,1368.5,1339.7,1313.5,1316.4,1340.0,1338.9,1312.5,1310.5,1317.2,1340.7,1315.3,1316.0,1285.9,1317.5,1318.5,1317.0,1319.5,1314.6,1316.4,1358.4,1329.3,1354.7,1333.5
Results for javascript and jax_ws_rpc is 
Results for python and jax_ws_rpc is 
