42.0
41.6
41.7
41.7
41.2
41.0
40.7
40.5
40.5
40.5
40.7
40.5
40.6
40.2
39.9
39.9
40.1
40.7
41.1
41.2
41.7
42.0
41.9
41.8
36.4
36.4
36.6
36.6
36.9
36.9
37.2
37.0
36.7
36.9
43.2
43.3
43.3
43.2
42.9
42.9
42.6
42.0
41.5
41.1
40.8
40.9
41.3
41.7
41.2
40.8
40.7
41.2
41.7
41.9
42.2
42.6
42.9
43.2
43.4
43.6
36.4
44.7
44.6
44.5
44.1
43.6
43.1
42.8
42.7
42.6
42.4
42.4
42.4
42.6
42.9
43.2
43.3
43.4
43.6
43.9
44.0
43.9
44.1
44.2
44.3
44.0
43.7
38.0
44.5
44.0
36.8
36.8
44.7
44.7
44.7
44.4
44.0
36.8
37.1
37.6
37.9
37.8
37.9
38.2
38.4
38.2
44.3
44.4
44.4
44.2
43.8
43.2
42.6
42.2
42.2
42.6
42.1
33.9
33.9
33.9
34.0
34.5
40.5
40.3
40.9
41.5
42.0
42.4
42.7
43.1
43.3
43.6
43.8
43.4
43.2
43.3
43.4
43.1
42.9
42.3
42.1
41.6
41.0
35.9
36.1
36.3
36.5
36.8
37.0
42.4
41.9
41.5
41.5
41.3
41.6
41.9
42.3
42.7
43.0
43.5
43.7
43.8
44.0
44.1
44.2
44.2
44.0
43.5
37.8
37.9
38.3
38.4
45.5
44.9
44.9
45.0
45.1
45.2
45.1
45.2
45.2
45.3
45.4
45.4
45.4
45.4
45.3
45.2
45.0
45.1
45.1
45.2
45.3
45.4
45.4
45.5
45.5
45.5
45.6
45.6
45.6
45.6
45.7
45.7
45.7
45.4
40.1
40.1
40.4
45.5
45.2
40.1
40.6
45.7
45.7
45.6
45.6
45.7
45.7
45.7
45.7
45.7
45.7
45.7
45.7
45.7
45.7
45.7
45.6
45.5
45.6
45.5
45.6
45.5
45.5
45.5
39.5
39.5
39.7
39.7
39.6
39.7
40.2
45.5
45.4
45.4
45.4
45.0
39.3
39.4
45.7
45.6
45.7
45.7
45.7
45.7
45.7
45.7
45.7
45.8
45.8
45.8
45.8
45.8
45.9
45.9
45.7
45.7
45.7
45.7
45.7
45.7
45.8
45.8
45.8
45.8
45.8
45.8
45.8
45.8
45.8
45.7
45.7
45.7
45.5
45.6
45.6
45.7
45.7
45.8
45.9
45.9
45.9
45.9
46.0
46.0
45.9
45.8
45.7
45.6
45.6
