26.6
39.7
45.1
45.1
45.1
45.1
45.2
45.3
45.3
45.3
45.3
45.3
45.3
45.3
45.4
45.4
45.4
45.5
45.0
44.8
44.2
43.7
43.5
43.3
43.1
43.3
43.6
43.8
44.0
44.2
44.3
44.4
44.4
44.4
44.3
44.1
35.1
41.8
49.9
49.3
48.8
43.6
43.7
49.3
48.8
48.3
48.0
47.7
37.4
36.9
42.8
42.6
42.6
42.4
42.1
42.1
42.3
42.7
43.0
43.3
43.6
43.8
44.0
44.1
44.2
44.5
44.6
44.7
44.9
44.9
39.7
40.0
40.3
40.4
40.4
40.6
41.1
41.7
42.2
42.6
43.0
43.3
43.6
43.9
44.2
44.4
44.6
44.8
44.9
45.1
45.1
45.2
45.3
45.4
45.5
45.6
45.6
45.6
45.6
45.5
45.5
45.5
45.6
45.6
45.6
45.7
45.6
45.1
45.1
45.2
45.2
45.3
45.4
45.4
45.2
44.7
44.4
44.4
44.7
44.8
45.0
45.2
45.3
45.4
45.5
45.6
45.6
45.7
45.7
45.7
45.8
45.9
45.9
45.9
46.0
45.9
45.9
46.0
46.0
46.1
46.0
46.0
46.1
46.1
46.2
46.1
46.1
46.2
46.3
46.3
46.3
46.3
46.3
46.1
39.7
40.0
39.8
39.5
39.6
40.0
40.1
40.2
40.6
40.7
41.0
40.4
40.1
39.6
39.2
38.8
39.3
39.9
40.2
45.5
45.5
45.6
45.6
45.7
45.7
45.8
45.9
45.9
46.0
46.0
46.0
46.0
46.0
46.0
46.0
46.0
46.1
46.1
46.1
45.9
45.9
45.9
45.9
45.9
45.5
45.3
37.4
37.8
43.8
44.1
44.3
44.6
44.8
45.0
45.1
45.4
45.5
45.6
45.5
45.7
45.7
45.7
45.6
45.6
45.6
45.6
45.6
45.7
45.6
45.6
45.7
45.5
45.5
40.1
40.3
46.3
46.2
46.2
46.3
46.3
46.2
46.2
46.1
39.9
39.8
40.1
45.5
45.5
45.6
39.7
40.1
40.1
40.4
40.7
41.1
41.2
41.7
41.9
42.0
42.5
42.9
43.2
43.6
43.8
44.1
44.3
44.5
44.7
44.6
44.0
44.3
44.5
44.8
44.9
45.1
45.3
45.5
45.5
45.3
45.0
45.2
45.2
44.9
45.1
45.4
45.5
45.6
45.6
45.6
45.7
45.8
45.8
45.8
45.7
45.8
45.8
45.6
45.6
45.6
45.5
45.2
45.3
45.2
39.1
39.4
