27.1
44.1
44.1
44.5
44.8
45.1
44.9
44.9
45.1
45.4
45.7
45.9
45.9
46.0
46.1
46.3
46.4
46.3
46.2
46.3
46.2
46.4
46.5
46.6
46.4
46.6
46.7
46.8
46.9
46.8
46.7
46.9
46.9
46.9
47.0
46.8
46.9
47.0
47.1
47.1
47.2
47.1
47.1
47.2
47.2
47.3
47.2
47.1
47.2
47.2
47.3
47.4
47.1
47.1
47.3
47.3
47.4
47.3
47.1
47.2
47.3
47.3
47.2
47.1
47.1
47.2
47.3
47.4
47.4
47.1
47.1
47.2
47.3
47.4
47.4
47.1
47.2
47.2
47.2
47.2
47.2
47.1
47.2
47.3
47.3
47.4
47.0
47.0
47.1
47.1
47.2
47.3
47.1
47.2
47.3
47.4
47.4
47.3
47.3
47.3
47.4
47.2
47.3
47.1
47.2
47.2
47.3
47.4
47.0
46.9
46.9
47.1
47.1
47.2
47.0
47.1
47.2
47.3
47.4
47.4
47.2
47.3
47.3
47.4
47.5
47.4
47.3
47.4
47.4
47.5
47.6
47.5
47.4
47.5
47.6
47.7
47.8
47.6
47.5
47.5
47.6
47.6
47.6
47.4
47.5
47.5
47.6
47.6
47.6
47.3
47.4
47.4
47.5
47.5
47.3
47.4
47.5
47.5
47.6
47.4
47.1
47.2
47.3
47.3
47.4
47.4
47.2
47.3
47.4
47.5
47.6
47.5
47.5
47.5
47.6
47.6
47.7
47.3
47.4
47.5
47.5
47.5
47.6
47.4
47.5
47.5
47.6
47.6
47.6
47.5
47.5
47.6
47.7
47.7
47.5
47.6
47.6
47.7
47.8
47.8
47.6
47.7
47.7
47.8
47.8
47.9
47.5
47.6
47.7
47.7
47.8
47.7
47.7
47.6
47.7
47.8
47.8
47.6
47.6
47.7
47.8
47.8
47.8
47.6
47.7
47.8
47.9
48.0
47.8
47.7
47.4
47.5
47.6
47.5
47.4
47.4
47.5
47.6
47.7
47.8
47.5
47.5
47.6
47.7
47.8
47.8
47.7
47.7
47.8
47.9
47.9
47.9
47.8
47.8
47.9
47.9
48.0
47.7
47.7
47.8
47.9
47.9
47.9
47.6
47.3
47.5
47.5
47.6
47.6
47.5
47.6
47.7
47.8
47.8
47.6
47.7
47.7
47.7
47.7
47.8
47.6
47.6
47.7
47.8
47.8
47.8
47.7
47.8
47.9
47.9
47.7
47.5
47.6
47.6
47.7
47.7
47.8
47.6
47.5
47.6
47.7
47.7
47.7
47.3
47.4
47.5
47.5
47.6
47.6
47.6
47.7
47.8
47.6
47.7
47.5
47.6
47.7
47.8
47.9
47.9
47.6
47.6
47.7
47.7
47.8
47.5
47.5
47.6
47.8
47.8
47.9
47.7
47.8
47.8
47.9
48.0
48.0
47.8
47.7
47.6
47.7
47.8
47.8
47.7
47.8
47.9
47.9
48.0
47.8
47.7
47.7
47.8
47.8
47.9
47.7
47.8
47.8
47.9
48.0
47.9
47.7
47.8
47.8
47.9
48.0
47.9
47.8
47.8
47.9
47.9
48.0
47.8
47.8
47.9
47.8
47.9
47.9
47.7
47.8
47.9
47.9
47.9
47.8
47.7
47.9
47.8
47.8
47.5
47.4
47.5
47.7
47.7
47.8
47.7
47.6
47.7
47.9
48.0
48.0
47.9
47.8
47.9
48.0
48.0
48.1
47.8
47.9
47.9
48.0
48.0
48.0
47.8
47.9
47.9
47.8
47.9
47.9
47.9
47.9
48.0
48.1
48.1
47.9
47.9
48.1
48.1
48.2
48.2
48.0
48.0
48.1
48.2
48.1
48.1
48.0
47.9
48.1
48.0
48.1
47.8
47.8
47.9
47.9
48.0
47.9
47.7
47.8
48.0
48.0
48.1
47.6
47.5
47.6
47.8
47.8
47.9
47.8
47.8
47.9
48.0
48.0
48.1
47.9
48.0
48.1
48.2
48.2
48.1
48.0
48.0
48.0
48.1
48.2
48.0
48.0
48.0
48.1
