45.9
46.4
46.9
47.4
47.7
48.0
48.2
48.4
48.6
48.8
48.9
49.1
49.3
49.3
49.5
49.5
49.6
49.6
49.6
49.7
49.5
49.6
49.6
49.6
49.7
49.7
49.7
49.6
49.7
49.7
49.7
49.8
49.9
49.9
50.0
50.1
50.2
50.2
50.4
50.4
50.4
50.4
50.4
50.3
50.2
50.2
50.0
50.0
49.9
50.0
50.0
50.0
50.1
50.1
49.7
49.7
49.8
49.6
49.5
49.5
49.6
49.6
49.7
49.7
49.8
49.8
49.7
49.8
49.8
50.0
50.0
50.1
50.1
50.2
50.3
50.4
50.4
50.4
50.5
50.6
50.6
50.3
50.2
50.3
50.3
50.4
50.4
50.4
50.4
50.5
50.5
50.4
50.4
50.3
50.3
50.3
50.3
50.3
50.2
50.2
50.3
50.4
50.3
50.3
50.3
50.4
50.5
50.5
50.5
50.5
50.6
50.5
50.4
50.4
50.4
50.3
50.3
50.3
50.3
50.4
50.2
50.3
50.3
50.3
50.3
50.3
50.8
65.9
65.8
52.0
51.7
51.6
51.5
51.3
51.2
51.2
51.1
51.2
51.3
51.3
51.3
51.1
51.1
51.1
51.0
50.9
50.8
50.8
50.7
50.7
50.7
50.8
50.8
50.7
50.8
50.8
50.8
50.8
50.7
50.5
50.6
50.6
50.6
50.7
50.6
50.6
50.7
50.8
50.7
51.1
50.9
50.9
50.9
50.9
50.9
50.8
50.8
50.8
50.7
50.7
50.8
50.8
50.8
50.8
50.8
50.7
50.7
50.2
44.5
45.0
52.8
52.4
52.2
51.7
51.5
51.4
51.3
51.3
51.1
51.1
51.0
51.0
51.0
50.9
50.9
50.9
50.9
50.9
51.0
50.9
51.0
51.0
51.1
51.0
51.1
51.1
51.1
51.2
51.2
51.3
51.3
51.3
51.3
51.3
51.3
51.3
51.3
51.3
51.4
51.3
51.3
51.1
51.1
51.1
51.1
51.1
51.1
51.1
51.2
51.1
51.0
51.0
51.1
51.3
51.4
51.3
51.2
50.8
50.7
50.7
50.7
50.3
49.8
50.0
50.0
50.1
50.2
50.1
50.2
50.2
50.4
50.5
50.5
50.6
50.7
50.8
50.9
50.9
51.0
51.0
51.1
51.0
51.0
51.0
51.0
51.0
51.1
51.1
51.1
51.0
51.1
51.1
51.1
51.0
50.5
50.3
50.4
50.4
50.5
50.7
50.6
50.7
50.8
50.8
50.7
50.7
50.8
50.8
50.8
50.9
50.9
50.9
50.8
50.8
50.8
50.8
50.7
50.6
50.7
50.8
50.8
50.9
50.8
50.9
50.9
50.9
