31.6
44.5
44.4
44.1
44.1
44.1
44.2
44.2
44.2
43.8
43.2
42.8
42.5
42.1
42.0
42.3
42.5
42.8
42.9
42.8
43.0
43.2
43.4
43.5
43.5
43.0
36.6
43.8
44.0
44.0
43.8
43.3
34.3
34.9
35.3
41.6
41.8
42.1
42.2
42.5
42.6
42.8
43.0
42.9
42.8
42.4
42.3
42.2
42.1
41.9
42.1
42.3
42.4
42.6
42.9
43.1
43.2
43.4
43.5
43.6
43.7
43.7
43.6
43.4
43.5
43.4
43.0
42.9
42.5
42.1
42.0
42.3
42.6
42.9
43.1
43.0
42.8
37.4
37.3
37.4
38.0
44.7
44.7
44.7
44.7
44.5
44.5
44.7
44.7
44.7
44.5
44.5
44.5
44.2
35.9
43.0
36.1
36.1
36.3
36.9
44.9
44.8
44.8
44.2
37.6
43.0
43.2
43.4
43.6
43.8
43.8
43.8
43.4
43.5
43.6
43.8
43.9
44.0
44.0
44.1
44.2
44.3
44.3
44.3
44.4
44.5
44.5
44.4
44.0
43.9
43.7
43.7
43.9
44.0
44.1
44.4
44.3
44.3
43.9
43.5
43.3
43.1
42.7
42.1
41.8
35.9
35.8
42.0
41.9
34.7
35.3
35.9
36.4
36.9
37.5
38.0
38.2
45.1
38.6
38.3
38.6
39.2
39.2
39.5
39.9
39.8
40.2
40.8
41.3
41.8
42.2
42.5
42.8
43.0
43.3
43.5
43.8
44.1
44.2
44.3
44.3
44.5
44.5
44.6
44.7
44.7
44.9
44.9
44.9
45.0
45.1
45.1
44.8
44.8
44.9
44.9
45.0
44.9
44.8
44.7
44.6
44.7
44.6
44.3
44.1
44.2
44.4
44.5
44.6
44.6
44.4
44.3
44.2
44.2
44.2
44.4
44.4
44.6
44.6
44.7
44.7
44.8
44.8
44.9
44.7
44.2
43.9
44.0
44.1
44.3
44.4
44.5
44.6
39.1
39.1
44.7
44.4
44.5
44.6
44.7
44.8
44.8
44.8
44.9
44.8
44.8
44.4
44.5
44.6
44.6
44.6
44.3
37.0
42.6
42.9
43.3
43.6
43.9
44.1
44.2
44.4
44.5
44.6
44.6
44.7
44.7
44.2
44.2
43.9
43.6
43.6
43.7
38.4
38.3
44.1
43.7
43.6
43.6
43.4
43.3
43.0
43.2
43.5
43.7
44.0
44.1
44.3
44.5
44.6
44.8
44.9
45.0
45.0
45.1
45.1
45.2
45.2
45.3
45.3
45.4
45.5
45.5
