28.2
28.6
28.8
29.0
28.9
28.9
29.0
29.2
29.3
29.3
29.1
29.2
29.4
29.5
29.5
29.3
29.4
29.4
29.6
29.5
29.3
29.5
29.6
29.7
29.8
29.5
29.5
29.8
29.7
29.8
29.4
29.5
29.8
29.9
30.0
29.6
29.5
29.5
29.7
29.7
29.6
29.5
29.5
29.6
29.7
29.5
29.4
29.4
29.6
29.7
29.7
29.4
29.6
29.7
29.7
29.8
29.4
29.5
29.6
29.8
29.9
29.6
29.5
29.6
29.7
29.9
29.7
29.7
29.8
29.9
30.0
29.9
29.6
29.7
29.7
29.8
29.9
29.5
29.6
29.8
29.8
29.7
29.3
29.4
29.5
29.5
29.7
29.4
29.4
29.6
29.6
29.8
29.4
29.5
29.7
29.7
30.0
29.6
29.5
29.6
29.7
29.7
29.4
29.3
29.5
29.6
29.5
29.3
29.3
29.5
29.6
29.6
29.6
29.3
29.4
29.5
29.6
29.8
29.5
29.7
29.8
29.7
29.7
29.5
29.5
29.7
29.8
29.9
29.7
29.6
29.7
29.8
29.8
29.9
29.5
29.6
29.7
29.8
29.9
29.6
29.6
29.7
29.8
29.9
29.6
29.6
29.7
29.8
29.9
29.8
29.6
29.7
29.7
29.7
29.5
29.3
29.4
29.6
29.8
30.0
29.6
29.7
29.8
29.7
29.8
29.4
29.6
29.6
29.7
29.8
29.4
29.3
29.5
29.5
29.6
29.5
29.4
29.5
29.5
29.6
29.7
29.4
29.4
29.5
29.6
29.7
29.4
29.5
29.5
29.6
29.8
29.8
29.6
29.8
29.8
29.9
29.8
29.5
29.6
29.5
29.6
29.8
29.5
29.4
29.6
29.7
29.8
29.4
29.5
29.5
29.5
29.6
29.2
29.3
29.4
29.6
29.6
29.6
29.4
29.5
29.4
29.5
29.6
29.5
29.6
29.6
29.7
29.8
29.4
29.5
29.5
29.6
29.7
29.6
29.4
29.5
29.5
29.6
29.6
29.4
29.5
29.6
29.7
29.7
29.3
29.3
29.5
29.4
29.5
29.3
29.3
29.4
29.6
29.6
29.6
29.4
29.6
29.7
29.7
29.6
29.4
29.4
29.5
29.4
29.4
29.1
29.3
29.5
29.6
29.7
29.3
29.4
29.5
29.6
29.7
29.4
29.5
29.7
29.7
29.8
29.9
29.5
29.5
29.5
29.6
29.8
29.5
29.7
29.7
29.8
29.9
29.6
29.5
29.6
29.6
29.7
29.6
29.5
29.6
29.7
29.7
29.5
29.3
29.4
29.5
29.7
29.6
29.4
29.4
29.4
29.4
29.4
29.1
29.3
29.4
29.5
29.6
29.4
29.4
29.6
29.7
29.8
29.4
29.5
29.6
29.7
29.9
29.8
29.6
29.6
29.6
29.6
29.4
29.2
29.3
29.3
29.4
29.4
29.1
29.3
29.4
29.6
29.4
29.3
29.3
29.5
29.5
29.4
29.2
29.4
29.5
29.7
29.6
29.3
29.5
29.6
29.6
29.8
29.4
29.4
29.6
29.6
29.8
29.6
29.5
29.6
29.6
29.7
29.7
29.3
29.4
29.6
29.7
29.7
29.4
29.5
29.6
29.7
29.8
29.8
29.6
29.7
29.8
29.9
29.9
29.6
29.7
29.8
29.8
29.8
29.5
29.5
29.5
29.6
29.7
29.5
29.4
29.6
29.6
29.7
29.6
29.4
29.6
29.6
29.7
29.7
29.3
29.4
29.5
29.6
29.7
29.3
29.4
29.7
29.8
29.8
29.4
29.5
29.6
29.7
29.7
29.4
29.4
29.6
29.8
29.8
29.5
29.4
29.5
29.7
29.8
29.8
29.5
29.5
29.6
29.7
29.8
29.5
29.5
29.5
29.6
29.8
29.5
29.5
29.6
29.8
30.0
29.9
29.7
29.8
29.9
30.0
29.9
29.5
29.6
29.6
29.6
29.7
29.3
29.4
29.5
29.6
29.8
29.4
29.5
29.5
29.7
29.7
29.6
29.4
29.5
29.6
29.7
29.6
29.3
29.4
29.5
29.7
29.9
29.6
29.7
29.8
29.8
29.9
29.5
29.5
29.6
29.7
29.8
29.4
29.5
29.8
29.8
29.9
29.8
29.6
29.7
29.7
29.8
29.8
29.6
29.7
29.7
29.8
29.9
29.5
29.5
29.6
29.7
29.8
29.8
29.8
29.9
29.9
29.9
29.8
29.6
29.7
29.7
29.6
29.5
29.4
29.5
29.6
29.7
29.5
29.3
29.4
29.5
29.7
29.7
29.3
29.4
29.4
29.6
29.8
29.4
29.5
29.7
29.7
29.7
29.5
29.5
29.7
30.0
30.0
29.9
29.8
29.8
29.8
29.9
29.8
29.5
29.6
29.7
29.7
29.6
29.3
29.4
29.4
29.6
29.7
29.3
29.4
29.4
29.6
29.5
29.3
29.3
29.3
29.5
29.5
29.3
29.2
29.3
29.4
29.6
29.6
29.4
29.4
29.5
29.5
29.5
29.2
29.2
29.3
29.3
29.5
29.2
29.3
29.4
29.6
29.6
29.2
29.4
29.4
29.6
29.7
29.5
29.4
29.4
29.5
29.7
29.8
29.8
29.9
30.0
30.3
30.3
30.6
39.7
49.7
49.3
49.3
41.1
32.2
32.1
31.9
31.8
31.6
31.6
42.4
49.0
36.4
35.9
48.6
34.1
33.5
26.8
27.2
27.7
27.9
28.2
28.0
28.2
28.6
28.8
29.1
29.1
29.0
29.3
29.5
29.8
29.8
29.5
29.7
29.8
29.9
30.2
29.8
29.8
29.9
30.0
30.0
29.8
29.6
29.7
29.8
29.9
29.8
29.5
29.6
29.7
29.7
29.7
29.5
29.6
29.7
29.7
29.6
29.4
29.6
29.6
29.7
29.8
29.6
29.8
29.9
29.9
30.0
29.6
29.7
29.7
29.8
29.8
29.5
29.4
29.5
29.5
29.6
29.2
29.2
29.4
29.5
29.7
29.5
29.4
29.6
29.7
29.6
29.4
29.4
29.5
29.6
29.7
29.5
29.5
29.8
29.9
30.0
29.9
29.5
29.6
29.6
29.8
29.9
29.5
29.6
29.7
29.8
29.8
29.5
29.5
29.5
29.6
29.6
29.2
29.2
29.5
29.8
29.8
29.4
29.5
29.6
29.7
29.9
29.6
29.6
29.8
29.8
29.8
29.6
29.4
29.5
29.7
29.8
29.8
29.5
29.4
29.5
29.6
29.7
29.4
29.6
29.7
29.8
29.7
29.4
29.4
29.5
29.5
29.7
