27.2
44.1
43.9
44.0
44.1
44.2
44.3
44.4
44.5
44.7
44.7
44.9
44.9
45.0
45.1
45.1
45.2
45.2
45.2
45.3
45.3
45.3
45.4
45.3
45.4
45.4
45.3
45.3
45.4
45.4
45.4
45.5
45.5
45.4
45.5
45.5
45.5
45.5
45.5
45.5
45.5
45.5
45.5
45.5
45.5
45.5
45.5
45.6
45.5
45.5
45.6
45.6
45.6
45.5
45.5
45.4
45.4
45.2
45.2
45.2
45.3
45.4
45.4
45.4
45.4
45.4
45.4
45.4
45.5
45.4
45.5
45.6
45.6
45.6
45.6
45.6
45.6
45.7
45.7
45.7
45.7
45.8
45.8
45.8
45.7
45.6
45.5
45.4
45.3
45.1
44.5
44.5
44.5
44.2
44.2
38.6
38.6
38.8
38.7
38.3
38.5
38.5
38.4
38.3
38.1
38.6
39.0
39.4
45.1
45.0
45.0
45.0
45.0
45.0
45.0
45.1
45.0
45.0
45.0
44.9
45.0
45.1
45.1
45.2
45.2
45.2
45.2
45.3
45.3
45.3
45.3
45.3
45.4
45.4
45.4
45.5
45.5
45.4
45.3
45.4
45.4
45.5
45.4
45.4
45.5
45.5
45.4
45.4
45.5
45.5
45.5
45.5
45.6
45.6
45.6
45.7
45.7
45.7
45.8
45.8
45.8
45.8
45.7
45.8
45.8
45.9
45.9
45.9
45.9
45.9
45.9
46.0
45.9
45.9
46.0
46.0
46.0
45.9
45.9
45.9
45.9
46.0
46.0
46.0
46.0
46.0
46.0
46.0
46.0
45.9
46.0
46.0
46.0
46.0
45.9
45.9
45.9
46.0
45.9
45.9
46.0
46.0
45.9
45.9
45.9
46.0
45.9
45.9
45.9
45.9
45.9
45.9
46.0
46.0
45.9
46.0
46.0
46.0
46.0
46.0
46.0
46.0
46.0
46.0
46.1
46.0
46.1
46.1
46.1
46.1
46.0
46.1
46.1
46.1
46.0
46.0
46.0
46.0
46.1
46.1
46.1
46.1
46.1
46.1
46.1
46.1
46.1
46.1
46.1
46.1
46.1
46.1
46.1
46.1
46.1
46.1
46.1
46.1
46.1
46.1
46.1
46.1
46.1
46.1
46.2
46.1
46.1
46.1
46.1
46.1
46.1
46.1
46.1
46.1
46.1
45.9
45.4
44.7
44.7
39.5
39.7
39.7
39.7
39.9
39.9
39.7
39.8
39.9
39.6
40.0
40.4
40.2
