26.9
30.9
30.5
30.6
31.1
30.7
30.4
29.9
29.5
29.2
29.0
28.8
28.7
28.4
28.2
28.1
28.0
27.9
27.8
27.6
27.5
27.4
27.3
27.2
27.2
27.1
27.1
27.0
27.0
27.1
27.3
27.2
27.1
27.0
27.0
26.9
26.9
26.9
26.9
26.9
26.8
26.8
26.8
26.8
26.8
26.8
26.7
26.7
26.7
26.7
26.7
26.7
26.7
26.6
26.7
26.8
26.8
26.7
26.7
26.7
26.7
26.7
26.7
26.7
26.6
26.6
26.7
26.7
26.7
26.7
26.7
26.7
26.7
26.7
26.7
26.7
26.7
27.0
26.9
26.9
26.8
26.8
26.8
26.7
26.8
26.8
26.7
26.7
26.7
26.6
26.6
26.7
26.7
26.6
26.6
26.6
26.6
26.6
26.6
26.6
26.5
26.6
26.6
26.6
26.6
26.5
26.6
26.6
26.6
26.6
26.6
26.6
26.8
26.8
26.8
26.9
26.9
26.8
26.8
26.8
26.7
26.8
26.7
26.7
26.8
26.8
26.8
26.7
26.7
26.8
26.7
26.7
26.7
26.7
26.6
26.6
26.6
26.6
26.6
26.6
26.7
26.7
26.7
26.7
26.7
26.6
26.6
26.6
26.6
26.6
26.6
26.6
26.6
26.6
26.5
26.6
26.6
26.5
26.5
26.5
26.5
26.6
26.6
26.7
26.7
26.7
26.7
26.7
26.6
26.6
26.6
26.6
26.6
26.6
26.6
26.6
26.6
26.6
26.5
26.5
26.5
26.5
26.6
26.5
26.6
26.6
26.6
26.7
26.7
31.8
31.2
30.6
30.2
29.7
29.3
29.0
28.7
28.4
28.2
28.0
27.9
27.7
27.6
27.5
27.4
27.3
27.2
27.1
27.1
27.0
26.9
26.9
26.8
26.8
26.8
26.7
26.9
26.9
26.9
26.8
26.7
26.8
26.7
26.7
26.7
26.7
26.6
26.7
26.7
26.9
26.9
26.8
27.0
26.9
33.2
32.6
26.4
26.4
26.4
26.4
26.5
26.5
26.5
26.6
26.6
26.6
26.5
26.6
26.6
26.6
26.6
26.5
26.5
26.5
26.5
26.5
26.5
26.5
26.5
26.6
26.7
26.8
26.9
27.1
27.1
27.1
27.0
27.0
26.9
26.8
26.8
26.8
26.8
26.8
26.7
26.7
26.7
26.7
27.1
27.7
27.6
27.5
27.3
27.3
27.5
27.4
27.3
27.2
27.1
27.0
27.0
26.9
26.9
26.9
26.8
26.8
26.7
26.7
26.7
26.7
26.7
26.7
26.6
26.7
26.6
26.6
26.6
26.6
26.6
26.6
26.6
26.6
26.6
26.6
26.5
26.6
26.6
26.5
26.6
26.6
26.6
26.6
26.6
26.6
26.5
26.6
26.6
26.6
27.1
27.0
27.0
27.0
26.9
26.8
26.8
26.8
26.8
27.0
27.0
26.9
26.9
26.9
26.8
26.8
26.7
26.7
26.7
26.7
26.7
26.7
26.6
26.6
26.6
26.6
26.6
26.6
26.6
26.6
26.6
26.6
26.5
26.5
26.5
26.5
26.5
26.6
26.6
26.6
26.6
26.6
26.6
26.6
26.6
26.6
26.5
26.5
26.6
26.5
26.6
26.5
26.5
26.5
26.6
26.6
26.6
26.6
26.6
26.6
26.5
26.5
26.5
26.6
26.6
26.6
26.6
26.6
26.6
26.6
26.5
26.5
26.5
26.6
26.6
26.6
26.5
26.5
26.5
26.5
26.6
26.5
26.5
26.6
26.5
26.5
26.5
26.5
26.5
26.5
26.5
26.5
26.5
26.5
26.6
26.6
26.6
26.6
26.6
26.6
26.6
26.6
26.5
26.5
26.5
26.5
26.5
26.5
26.4
26.4
26.5
26.5
26.5
26.5
26.5
26.5
26.5
26.5
26.5
26.5
26.5
26.5
26.5
26.5
26.5
26.5
26.5
26.5
26.5
26.5
26.5
26.5
26.5
26.5
26.5
26.5
26.5
26.5
26.5
26.5
26.5
26.5
26.5
26.5
26.5
26.5
26.4
26.5
26.5
26.5
26.5
26.5
26.4
26.5
26.5
26.5
26.5
26.5
26.5
26.5
26.5
26.5
26.6
26.6
26.6
26.6
26.6
26.6
26.6
26.5
26.6
26.6
26.5
26.5
26.5
26.5
26.5
26.5
26.4
26.4
26.4
26.4
26.5
26.5
26.4
26.5
26.5
26.4
26.4
26.4
26.4
26.4
26.5
26.5
26.4
26.5
26.5
26.5
26.5
26.4
26.4
26.4
26.5
26.5
26.4
26.4
26.4
26.4
26.5
26.5
26.4
26.5
26.5
26.5
26.5
26.5
26.5
26.5
26.6
26.6
26.5
26.5
26.5
26.5
26.5
26.5
26.5
26.5
26.5
26.5
26.5
26.5
26.7
26.8
27.0
26.9
26.9
26.8
26.8
26.8
26.8
26.7
26.7
26.6
26.6
26.6
26.6
26.6
26.6
26.6
26.6
26.6
26.5
26.5
26.5
26.5
26.5
26.5
26.5
26.5
26.5
26.5
26.5
26.5
26.5
26.5
26.5
26.5
26.5
26.5
26.5
26.5
26.5
26.6
26.6
26.5
26.5
26.5
26.6
26.6
26.5
26.5
26.5
26.6
26.6
33.9
26.4
26.4
26.4
26.4
26.5
26.4
26.4
26.5
26.5
26.5
26.4
26.5
26.5
26.5
26.5
26.4
26.4
26.4
26.5
26.5
26.5
26.4
26.4
26.4
26.4
26.4
26.4
26.4
26.4
26.5
26.5
26.4
26.4
26.4
26.4
26.4
26.5
26.4
26.5
26.4
26.4
26.4
26.4
26.4
26.4
26.4
26.4
26.4
26.4
26.5
26.5
26.5
26.5
26.5
26.5
26.5
26.5
26.4
26.5
26.5
26.5
26.5
26.4
26.4
26.5
26.5
26.4
26.5
26.5
26.4
26.4
26.4
26.4
26.4
26.4
26.5
26.5
26.5
26.5
26.5
26.5
26.5
26.5
26.5
26.5
26.5
26.5
26.5
26.5
26.5
26.5
26.5
26.5
26.5
26.4
26.5
26.5
26.6
26.6
26.5
26.5
26.5
26.5
26.5
26.5
26.5
26.4
26.5
26.5
26.5
26.5
26.5
26.5
26.6
26.5
26.6
26.5
26.5
26.5
26.4
26.4
26.4
26.4
26.5
26.5
26.5
26.5
26.5
26.5
26.5
26.5
26.4
26.4
26.5
26.5
26.5
26.5
26.4
26.4
26.4
26.4
26.4
26.4
26.4
26.4
26.4
26.4
26.4
26.4
26.4
26.4
26.4
26.4
26.4
26.4
26.4
26.4
26.4
26.4
26.4
26.4
26.4
26.4
26.4
26.4
26.4
26.4
26.4
26.4
26.4
26.5
26.5
26.5
26.5
26.5
26.5
26.5
26.5
26.5
26.5
26.4
26.5
26.4
26.4
26.5
26.5
26.4
26.5
26.5
26.4
26.5
26.4
26.4
26.4
26.4
26.5
26.4
26.5
26.4
26.4
26.5
26.5
26.4
26.5
26.5
26.4
26.4
26.4
26.4
26.4
26.4
26.4
26.4
26.4
26.4
26.4
26.4
26.4
26.4
26.4
26.4
26.4
26.4
26.4
26.4
26.4
26.4
26.5
26.5
26.4
26.4
26.4
26.5
26.5
26.5
26.5
26.5
26.5
26.5
26.5
26.5
