44.3
43.9
43.9
43.9
44.0
44.1
44.2
44.3
44.4
44.2
44.2
44.4
44.4
44.5
44.6
44.6
44.7
44.8
44.8
44.9
44.9
44.9
44.9
45.0
45.0
44.9
44.9
44.7
37.0
36.4
36.9
43.8
43.4
35.7
35.3
35.2
35.4
41.6
42.0
42.4
42.6
42.9
43.2
43.2
42.9
42.4
42.7
43.0
43.3
43.5
43.7
43.8
44.0
44.1
44.3
44.4
44.5
44.6
44.7
44.8
44.8
44.8
44.8
44.9
45.0
45.0
44.8
44.4
44.5
44.5
44.4
44.5
44.5
44.6
44.7
44.8
44.9
45.0
45.1
45.1
45.1
45.1
45.1
45.2
45.1
45.0
45.0
45.0
45.0
45.0
45.0
39.1
38.5
38.2
37.8
37.6
44.9
44.8
44.9
44.9
44.9
44.9
44.7
44.3
44.3
44.5
44.6
44.6
44.5
44.6
44.7
44.2
43.7
43.3
43.6
43.8
44.0
43.7
43.4
43.2
43.2
43.2
43.1
43.2
43.1
43.2
43.2
43.5
43.7
43.9
43.9
43.7
43.4
43.6
43.8
44.0
44.1
44.2
44.3
44.4
44.1
44.1
44.2
43.9
43.4
43.2
43.2
43.4
42.9
37.4
37.7
44.5
43.9
43.9
43.8
43.9
43.7
43.6
43.1
42.9
43.1
43.3
43.3
43.2
43.4
43.4
43.6
43.7
43.8
43.8
44.0
44.1
44.1
44.1
44.1
44.1
44.2
44.2
44.2
44.3
44.3
44.4
44.1
43.7
43.1
43.4
43.7
43.9
44.2
44.3
44.5
44.6
44.4
44.3
44.0
43.8
43.7
43.4
43.0
42.5
35.5
35.7
36.1
36.5
43.0
43.2
43.6
43.8
44.1
44.3
44.5
44.6
44.7
44.8
44.9
45.1
45.1
45.2
45.3
45.3
35.9
35.7
36.1
44.1
44.3
44.0
43.8
43.9
43.7
43.8
43.3
43.1
43.3
43.3
42.8
42.2
41.8
41.4
41.1
40.9
40.8
40.7
40.7
40.6
40.3
40.1
39.7
40.0
40.6
41.2
41.5
41.8
41.9
42.0
42.0
42.3
42.4
42.3
42.1
42.0
42.2
42.6
43.0
43.3
43.6
43.9
44.1
44.3
44.5
44.7
44.8
44.9
45.0
45.0
45.1
45.2
45.3
45.3
45.4
45.5
45.6
45.6
45.6
45.7
45.7
45.7
45.5
45.4
45.3
45.3
45.3
45.3
45.4
45.4
45.4
45.3
