39.3
39.7
40.1
40.6
41.1
41.5
42.0
42.3
42.7
42.9
43.0
43.2
43.4
43.5
43.7
43.8
43.9
43.6
43.3
43.3
43.3
43.5
43.6
43.8
43.9
44.1
44.2
44.3
44.4
44.0
43.7
43.4
42.9
42.8
42.2
36.8
44.5
44.5
44.3
38.2
38.5
45.1
44.6
39.1
44.3
43.9
35.7
36.2
41.3
41.0
41.4
41.9
42.3
42.7
42.9
43.2
43.5
43.7
43.9
44.1
44.3
44.4
44.2
44.0
43.6
43.0
42.9
43.2
43.5
43.6
43.5
43.6
43.8
44.0
44.1
44.2
44.2
44.2
43.8
36.8
36.7
37.2
44.9
44.9
44.5
44.0
44.1
44.2
44.1
44.2
44.2
44.1
36.4
41.8
50.7
45.5
45.5
45.1
37.0
44.7
44.4
44.0
44.0
44.1
44.2
44.0
44.2
44.3
44.4
44.4
44.5
44.5
44.6
44.6
44.1
43.8
43.4
43.1
42.8
42.4
42.6
42.4
36.6
36.9
44.7
44.6
44.7
44.8
44.9
45.0
44.9
45.0
45.0
45.1
45.1
45.2
45.2
45.2
45.3
45.3
45.2
45.0
44.7
44.5
44.2
44.0
38.6
38.9
45.3
45.3
45.3
45.1
44.9
44.7
44.4
44.2
44.4
44.5
44.6
44.7
44.8
44.9
44.9
44.8
44.5
44.6
44.7
44.6
44.4
44.4
44.0
43.6
43.3
38.0
37.7
37.4
37.3
37.8
43.6
43.7
43.9
44.1
44.2
44.3
44.4
44.5
44.6
44.7
44.8
44.8
44.9
45.1
45.1
45.1
45.2
45.1
45.2
45.2
44.9
44.7
39.3
39.6
45.3
45.3
45.2
45.4
45.4
45.4
45.4
45.4
45.4
45.4
45.1
51.3
45.1
45.0
45.0
44.7
44.8
45.0
45.0
45.1
45.2
45.2
45.3
45.4
45.4
45.4
45.4
45.4
45.4
39.9
39.9
40.5
40.9
41.4
41.1
40.6
41.1
41.1
40.7
35.3
43.4
43.5
43.6
43.7
43.7
43.9
44.1
44.3
44.3
43.9
43.4
43.2
42.7
42.6
42.6
42.9
43.3
43.6
43.8
44.0
44.1
44.4
44.4
44.5
44.6
44.5
44.6
44.7
44.8
44.9
45.0
44.9
44.6
44.6
44.7
44.8
44.9
45.0
45.1
45.1
45.1
45.2
45.2
45.3
45.3
45.4
45.4
45.4
45.4
45.0
44.6
44.7
44.9
45.0
45.1
45.1
45.1
45.2
45.2
45.3
45.0
