36.1
45.5
39.9
39.4
39.6
39.8
40.3
40.3
40.3
40.3
40.0
40.3
40.1
40.0
40.1
40.3
40.9
41.0
41.5
42.0
42.4
42.7
43.0
42.9
43.1
43.4
43.1
43.2
43.4
43.2
43.1
43.3
43.2
43.1
42.5
42.1
42.6
42.9
43.3
43.7
43.9
44.1
44.1
43.9
44.1
44.3
44.4
44.5
44.3
43.8
43.3
42.8
42.5
42.1
42.7
42.7
42.6
42.6
42.5
42.5
42.8
43.2
43.4
43.7
43.9
43.9
43.8
43.5
43.2
37.2
37.2
43.4
43.6
43.8
43.5
43.1
43.2
43.4
43.7
44.0
44.2
44.3
44.5
44.6
44.7
44.9
45.0
44.8
44.8
44.9
45.2
45.2
45.1
45.2
45.2
45.1
44.9
45.0
44.6
44.7
44.8
44.8
44.8
45.0
45.1
45.2
45.3
45.3
37.0
44.9
45.0
45.1
45.2
40.1
45.3
45.4
45.3
45.4
45.6
45.6
45.7
45.7
45.8
45.9
45.9
45.9
45.9
46.0
46.0
46.0
46.0
46.0
45.9
45.9
45.7
45.7
45.7
45.7
45.7
45.8
45.8
45.8
45.8
45.9
46.0
46.0
46.1
46.1
46.1
46.2
46.2
46.2
46.2
40.1
40.2
40.6
46.1
46.1
46.0
45.6
39.5
39.8
46.1
46.0
46.0
46.0
46.0
38.4
39.0
45.7
45.6
45.7
45.7
45.8
45.9
45.9
45.7
45.6
45.5
45.6
45.7
45.7
45.8
45.9
45.9
45.9
45.9
46.0
46.0
46.1
46.1
46.1
46.1
46.1
46.1
46.0
45.8
45.7
45.8
45.8
45.9
45.9
45.9
45.9
46.0
46.0
46.1
45.9
46.0
46.0
46.1
46.1
46.1
46.1
46.1
46.1
46.1
46.0
46.0
46.0
45.9
45.9
45.7
45.7
45.7
45.7
45.7
45.8
39.5
45.5
45.5
45.5
45.6
45.6
45.6
45.7
45.8
45.8
45.9
45.9
45.8
45.9
45.9
46.0
46.1
46.1
46.1
46.1
46.3
46.3
46.3
46.3
46.3
46.2
46.2
46.1
46.1
46.1
46.2
46.2
38.8
39.2
44.9
45.0
44.9
45.0
44.9
44.9
45.0
44.8
45.0
45.2
45.3
45.4
45.1
44.7
44.5
44.3
38.8
39.1
39.6
39.7
39.7
40.0
40.3
40.7
41.3
41.8
41.3
40.7
40.4
40.5
40.9
46.1
46.0
46.0
46.0
45.7
