29.9
29.6
29.6
29.6
29.3
29.3
29.4
29.6
29.5
29.2
29.4
29.5
29.5
29.2
29.3
29.4
29.5
29.6
29.3
29.4
29.6
29.6
29.7
29.3
29.3
29.3
29.8
29.8
29.5
29.5
29.6
29.7
30.0
29.7
29.6
29.8
29.8
29.8
29.8
29.4
29.5
29.7
29.7
29.7
29.4
29.5
29.5
29.6
29.7
29.6
29.3
29.4
29.4
29.4
29.3
29.3
29.4
29.5
29.6
29.7
29.3
29.4
29.5
29.5
29.6
29.2
29.3
29.4
29.4
29.6
29.4
29.2
29.3
29.4
29.5
29.5
29.3
29.4
29.4
29.5
29.6
29.3
29.5
29.5
29.6
29.6
29.3
29.4
29.4
29.5
29.6
29.3
29.3
29.4
29.4
29.4
29.1
29.1
29.2
29.3
29.4
29.2
29.0
29.1
29.1
29.2
29.1
28.9
29.5
29.5
29.6
29.7
29.3
29.5
29.6
29.6
29.6
29.3
29.4
29.6
29.6
29.7
29.5
29.4
29.4
29.5
29.5
29.4
29.2
29.2
29.3
29.4
29.4
29.1
29.2
29.2
29.3
29.3
28.9
29.1
29.1
29.2
29.3
29.1
29.1
29.2
29.2
29.4
29.2
29.1
29.3
29.3
29.4
29.4
29.1
29.2
29.3
29.4
29.3
29.0
29.1
29.2
29.3
29.4
29.1
29.1
29.2
29.3
29.3
29.1
29.1
29.2
29.2
29.2
29.2
29.0
29.1
29.3
29.4
29.4
29.1
29.1
29.2
29.2
29.3
29.0
29.1
29.2
29.3
29.3
29.1
29.0
29.1
29.2
29.3
29.3
29.0
29.1
29.3
29.3
29.4
29.0
29.1
29.2
29.4
29.5
29.1
29.3
29.4
29.4
29.5
29.3
29.2
29.3
29.4
29.5
29.5
29.2
29.3
29.4
29.5
34.7
26.8
27.2
27.5
27.9
28.2
28.1
28.3
28.6
34.1
33.6
33.0
32.4
32.2
31.9
31.8
31.6
31.0
30.9
30.8
30.8
30.8
30.3
30.2
30.2
30.2
30.2
29.8
29.6
29.7
29.8
29.8
29.4
29.5
29.5
29.5
29.6
29.3
29.3
29.4
29.4
29.4
29.1
29.1
29.1
29.2
29.3
29.2
29.0
29.1
29.2
29.3
29.4
29.1
29.2
29.2
29.4
29.4
29.3
29.1
29.0
29.1
29.1
29.2
29.5
29.6
29.6
29.6
29.6
29.2
29.3
29.4
29.4
29.5
29.3
29.1
29.3
29.3
29.4
29.5
29.3
29.3
29.4
29.4
29.5
29.2
29.3
29.4
29.4
29.5
29.5
29.2
29.3
29.4
29.4
29.5
29.2
29.3
29.4
29.4
29.4
29.1
29.1
29.2
29.2
29.3
29.0
29.1
39.5
29.7
29.7
29.6
29.5
29.6
29.6
29.6
29.6
29.3
29.4
29.5
29.5
29.6
29.2
29.3
29.4
29.4
29.5
29.3
29.2
29.3
29.3
29.4
29.2
29.1
29.2
29.3
29.3
29.3
29.1
29.1
29.3
29.5
29.5
29.2
29.3
29.3
29.5
29.5
29.3
29.2
29.3
29.4
35.7
27.0
27.3
27.6
27.9
28.2
28.2
28.1
28.3
28.5
28.7
28.7
28.4
28.6
28.8
28.9
29.0
28.8
28.9
28.9
29.0
29.2
29.1
29.1
29.2
29.3
29.4
29.4
29.2
29.1
29.2
29.2
29.3
28.9
28.9
29.0
29.1
29.3
29.0
29.0
29.0
29.1
29.2
28.9
29.0
29.0
29.1
29.2
29.2
29.0
29.1
29.3
29.3
29.4
29.1
29.2
29.3
29.3
29.3
29.0
29.1
29.2
29.3
29.4
29.1
29.1
29.2
29.3
29.4
29.2
28.9
29.1
29.2
29.2
29.3
29.0
29.1
29.2
29.3
29.3
29.2
29.0
29.1
29.2
29.4
29.4
29.3
29.3
29.3
29.4
29.5
29.3
29.3
29.4
29.5
29.6
29.6
29.2
29.3
29.2
29.3
29.4
29.0
29.0
29.1
29.2
29.3
29.0
29.0
29.0
29.2
29.3
29.0
28.9
29.1
29.1
29.2
29.1
29.0
29.2
29.3
29.3
29.1
28.9
29.1
29.2
29.2
29.2
28.9
29.0
29.1
29.1
29.3
29.0
29.0
29.1
29.2
29.2
28.9
29.0
29.1
29.3
29.4
29.0
29.0
29.1
29.2
29.2
28.9
29.1
29.1
29.1
29.2
28.9
28.9
29.1
29.2
29.3
28.9
29.0
29.2
29.2
29.3
29.0
29.1
29.1
29.2
29.3
29.3
29.0
29.0
29.2
29.3
29.4
29.0
29.1
29.2
29.2
29.3
29.1
29.0
29.2
29.4
29.4
29.1
28.9
29.1
29.2
29.3
29.3
29.0
29.0
29.2
29.2
29.3
29.0
29.0
29.2
29.2
29.3
29.2
29.0
29.1
29.2
29.3
29.4
29.0
29.0
29.1
29.2
29.3
29.0
29.1
29.3
29.4
29.5
29.1
29.1
29.3
29.4
29.4
29.0
29.1
29.1
29.2
29.3
29.1
28.9
29.1
29.0
29.1
28.9
28.9
29.0
29.1
29.3
29.3
29.0
29.1
29.2
29.3
29.4
29.0
29.1
29.3
29.5
29.6
29.4
29.2
29.3
29.3
29.4
29.4
29.1
29.2
29.2
29.3
29.4
29.0
29.1
29.1
29.2
29.4
29.2
29.1
29.2
29.3
29.3
29.2
29.0
29.1
29.2
29.3
29.4
29.1
29.1
29.3
29.4
29.4
29.1
29.1
29.2
29.4
29.4
29.2
29.2
29.3
29.3
29.3
29.2
29.1
29.2
29.3
29.4
29.3
29.1
29.2
29.3
29.4
29.4
29.1
29.1
29.2
29.3
29.4
29.0
29.1
29.3
29.4
29.6
29.5
29.2
29.3
29.2
29.4
29.4
29.1
29.2
29.3
29.3
29.2
29.0
29.0
29.1
29.0
29.1
28.8
28.9
29.1
29.1
29.2
29.0
29.0
29.1
29.2
29.2
29.1
28.9
29.1
29.3
29.4
29.4
29.1
29.0
29.1
29.2
29.1
28.9
28.9
29.1
29.2
29.1
28.9
28.9
29.1
29.2
29.3
29.1
28.9
29.0
29.2
29.2
29.3
29.0
29.1
29.3
29.3
29.4
29.1
29.1
29.2
29.2
29.4
29.1
29.2
29.2
29.3
29.4
29.1
29.1
29.2
29.3
29.3
29.3
29.1
29.2
29.2
29.3
29.3
29.0
29.1
29.2
29.3
29.4
29.1
29.2
29.3
29.4
29.4
29.1
29.2
29.3
29.3
29.4
29.2
29.3
29.4
29.4
29.4
29.3
29.0
29.2
29.3
29.4
29.3
29.1
29.2
29.3
29.3
29.4
29.1
29.1
29.2
29.3
29.3
29.0
29.0
29.1
29.2
29.3
29.3
29.0
29.1
29.2
29.3
29.5
29.1
29.2
29.2
29.3
29.4
29.1
29.1
29.2
29.2
29.3
29.2
29.0
29.1
29.2
29.3
29.3
29.0
29.1
29.1
29.2
29.2
28.9
29.0
29.1
29.2
29.3
29.0
29.1
29.2
29.3
29.3
29.3
29.2
29.3
29.3
29.4
29.2
28.9
29.1
29.1
29.2
29.2
29.0
29.1
29.2
29.2
29.2
