26.2
26.3
26.4
26.5
26.6
26.6
26.7
26.7
26.8
26.9
26.9
26.9
26.9
27.0
27.0
27.0
27.0
27.0
27.1
27.0
27.1
27.1
27.0
27.0
27.0
27.0
27.0
27.1
27.1
27.0
27.0
27.1
27.1
27.1
27.1
27.1
27.1
27.1
27.1
27.1
27.1
27.1
27.0
27.1
27.0
27.0
27.0
27.0
27.1
27.1
27.0
27.0
27.1
27.1
27.1
27.1
27.1
27.1
27.1
27.2
27.2
27.2
27.2
27.2
27.2
27.1
27.1
27.1
27.1
27.1
27.1
27.1
27.0
27.0
27.0
27.0
27.0
27.0
27.0
27.3
27.2
27.2
27.1
27.2
27.2
27.2
27.1
27.1
27.1
27.1
27.1
27.2
27.2
27.1
27.1
27.1
27.1
27.1
27.2
27.2
27.4
27.5
27.5
27.5
27.4
27.4
27.3
27.3
27.3
27.3
27.3
27.3
27.3
27.3
27.3
27.3
27.2
27.2
27.2
27.2
27.2
27.3
27.3
27.3
27.3
27.2
27.2
27.2
27.2
27.2
27.2
27.2
27.2
27.2
27.1
27.2
27.1
27.1
27.2
27.2
27.1
27.1
27.1
27.1
27.1
27.1
27.1
27.1
27.1
27.1
27.1
27.1
27.1
27.1
27.1
27.1
27.1
27.0
27.0
27.0
27.0
27.0
27.0
27.1
27.1
27.1
27.1
27.1
27.1
27.1
27.1
27.1
27.1
27.1
27.1
27.1
27.1
27.1
27.1
27.1
27.1
27.1
27.2
27.1
27.1
27.1
27.1
27.1
27.1
27.1
27.1
27.1
27.1
27.1
27.1
27.3
27.2
27.6
27.6
27.6
27.6
27.6
27.6
27.5
27.5
27.5
27.5
27.6
27.5
27.5
27.4
27.5
27.6
28.1
47.8
47.8
47.8
47.5
28.4
28.4
28.3
28.2
28.5
29.0
28.8
28.6
29.0
28.9
28.7
29.2
29.0
28.9
28.7
28.6
28.5
28.4
28.4
28.3
28.2
28.2
28.4
28.3
28.3
28.3
28.2
28.2
28.0
27.9
27.8
27.7
27.7
27.6
27.6
27.6
27.6
27.6
27.5
27.5
27.4
27.4
27.4
27.4
27.3
27.3
27.3
27.2
27.2
27.2
27.2
27.2
27.2
27.2
27.2
27.2
27.2
27.2
27.2
27.2
27.2
27.2
27.2
27.1
27.1
27.1
27.1
27.2
27.1
27.1
27.1
27.1
27.2
27.2
27.1
27.1
27.1
27.1
27.1
27.1
27.1
27.1
27.2
27.2
27.2
27.1
27.1
27.1
27.1
27.1
27.1
27.1
27.1
27.1
27.1
27.1
27.1
27.1
27.1
27.1
27.0
27.0
27.0
27.0
27.0
27.1
27.1
27.0
27.1
27.1
27.1
27.1
27.1
27.1
27.1
27.1
27.1
27.1
27.1
27.1
27.1
27.1
27.1
27.1
27.1
27.1
27.1
27.1
27.1
27.1
27.1
27.1
27.1
27.1
27.0
27.0
27.0
27.0
27.0
27.0
27.0
27.0
27.0
27.0
27.0
27.0
27.1
27.1
27.1
27.1
27.1
27.1
27.1
27.1
27.0
27.1
27.1
27.0
27.1
27.1
27.0
27.0
27.0
27.0
27.0
27.0
27.0
27.0
27.1
27.1
27.0
27.0
27.0
27.1
27.1
27.1
27.1
27.1
27.1
27.1
27.2
27.1
27.1
27.1
27.1
27.2
27.1
27.1
27.1
27.1
27.1
27.1
27.1
27.1
27.1
27.1
27.1
27.1
27.1
27.1
27.1
27.1
27.1
27.1
27.2
27.1
27.2
27.1
27.1
27.1
27.1
27.0
27.1
27.0
27.0
27.0
27.0
27.0
26.9
26.8
26.8
26.8
26.8
26.9
26.9
27.0
27.0
27.0
27.0
27.0
27.0
26.9
27.0
26.9
27.0
27.0
27.0
26.9
26.9
26.9
27.0
27.0
27.0
26.9
26.9
26.9
26.9
26.9
26.9
26.9
26.9
26.9
26.9
26.9
26.9
26.9
27.0
27.0
27.0
27.0
27.0
