39.5
39.7
39.7
39.8
40.4
40.4
40.3
40.9
41.3
41.7
41.9
41.9
41.5
36.1
36.0
36.0
35.7
35.9
35.7
35.7
35.5
42.8
42.6
42.9
43.1
43.4
43.6
43.8
44.0
44.0
44.2
44.3
44.4
44.5
38.4
38.4
38.6
38.8
38.6
38.8
38.4
38.6
38.6
38.2
38.3
38.1
38.3
38.5
38.8
39.0
39.0
39.0
39.2
39.1
39.4
39.7
40.3
40.9
41.5
41.9
42.4
42.7
43.0
43.2
43.4
43.9
44.0
44.2
44.4
44.6
44.6
44.8
44.9
45.0
45.1
45.1
45.0
45.1
45.2
45.3
45.4
45.4
45.5
45.5
45.6
45.6
45.6
45.6
45.7
45.6
45.6
45.7
45.7
45.7
45.7
45.7
45.6
45.4
45.3
45.4
45.4
45.4
45.3
45.3
45.3
45.0
44.6
44.0
44.2
44.4
44.4
44.5
44.6
44.7
44.8
45.0
45.0
45.1
45.0
44.9
45.0
45.1
35.7
35.6
41.3
41.8
42.2
42.6
42.8
43.0
43.2
43.1
42.9
43.1
43.3
43.1
43.3
43.5
38.2
37.8
37.5
37.3
36.9
42.8
42.8
43.1
43.3
42.8
42.5
42.7
42.8
43.2
43.4
43.7
44.0
44.2
44.5
44.7
44.8
44.9
44.9
45.0
45.1
45.2
45.2
45.3
45.4
45.4
45.5
45.5
45.5
45.6
45.6
45.6
45.6
45.7
45.7
45.7
45.7
45.7
45.8
45.7
45.8
45.8
45.8
45.8
45.8
45.8
45.8
45.8
45.8
45.9
45.9
45.8
45.8
45.7
45.5
45.5
45.5
45.5
45.6
45.5
45.5
45.6
45.6
45.6
45.5
45.5
45.0
45.1
45.1
45.2
45.2
45.2
45.2
45.4
45.5
45.6
45.7
45.6
45.7
45.8
45.8
45.8
45.8
45.9
45.9
46.0
46.0
46.0
46.0
46.0
46.0
46.1
46.0
46.1
46.0
46.0
46.0
45.9
45.9
45.9
45.9
45.9
45.9
46.0
46.0
46.1
46.1
46.1
46.1
46.2
46.2
46.1
46.1
46.1
46.2
46.2
46.2
46.3
46.2
46.1
40.1
45.5
45.5
45.5
45.6
45.6
45.6
45.7
45.1
45.2
45.4
46.0
46.1
45.8
45.3
44.9
44.9
45.2
45.4
45.1
45.2
45.2
45.1
44.5
44.3
44.6
44.9
45.0
38.0
38.1
38.5
38.4
38.7
46.1
46.1
