39.5
40.1
40.7
41.2
41.5
41.8
42.1
42.5
42.8
43.0
43.2
43.4
43.7
43.9
44.0
44.1
44.2
44.3
44.4
44.5
44.5
44.5
44.6
44.7
44.8
44.8
44.8
44.8
44.9
44.9
45.0
44.9
45.0
45.3
60.1
59.7
43.4
43.6
43.8
43.9
44.2
44.3
44.4
44.5
44.7
44.9
44.8
37.0
37.0
44.9
44.7
44.5
44.4
44.5
44.6
44.7
38.2
38.2
38.4
38.4
44.5
44.5
44.4
44.4
44.5
44.5
44.6
44.6
44.4
44.4
44.0
44.0
44.2
44.2
44.1
43.8
43.3
37.4
37.8
38.1
43.6
43.7
43.7
43.3
43.1
42.6
42.2
41.6
40.9
40.6
40.1
40.0
40.1
40.1
40.4
40.0
39.6
44.7
44.7
38.8
38.6
38.5
38.1
38.1
44.5
44.5
44.6
44.6
44.6
44.6
44.7
44.6
45.0
45.0
45.1
45.1
45.1
45.2
45.1
44.7
44.7
44.4
39.1
38.6
38.7
44.7
44.7
44.8
44.8
44.8
44.7
44.8
44.6
36.6
36.8
42.6
42.2
42.1
42.0
42.1
42.3
42.6
42.8
42.9
43.1
43.3
43.5
43.6
43.7
43.8
43.8
43.9
44.0
44.2
44.1
43.5
35.7
42.6
42.7
42.8
42.6
42.3
42.5
42.3
42.3
42.1
41.6
41.1
40.9
40.8
40.6
40.6
40.9
41.0
40.8
40.8
40.7
41.1
41.4
41.7
41.9
42.1
41.8
41.7
41.5
41.8
41.7
41.8
42.2
42.5
42.7
37.0
44.7
44.7
44.7
44.8
44.8
44.9
44.7
44.2
44.2
44.3
44.5
44.6
44.4
44.1
44.2
44.4
44.5
44.5
44.5
44.5
44.7
44.8
44.9
45.0
45.0
45.2
45.2
45.2
45.3
45.3
45.3
45.4
45.4
45.5
45.5
45.5
45.0
39.9
39.9
39.9
40.4
41.0
41.5
41.9
42.1
42.5
42.9
43.1
43.5
43.7
43.9
44.1
44.2
44.2
44.1
44.3
43.8
43.9
44.1
44.2
44.4
44.4
44.5
44.6
44.4
44.4
44.2
38.8
45.1
44.7
44.7
44.6
44.5
44.6
44.6
44.6
44.7
44.7
44.7
44.7
44.8
44.9
45.0
45.1
45.1
45.2
45.1
45.1
45.2
45.2
45.3
45.3
45.3
45.4
45.4
45.5
45.4
45.5
45.5
45.5
45.0
37.6
44.7
44.8
44.8
44.8
44.8
44.9
