44.7
44.2
44.4
44.5
44.5
44.6
44.6
44.7
44.8
44.6
44.6
44.4
43.9
43.6
43.2
43.4
43.7
43.9
44.0
44.2
44.3
44.4
44.5
44.6
44.7
44.8
44.8
44.8
44.9
45.0
45.0
45.0
45.1
45.1
45.2
45.2
45.2
45.2
45.2
45.2
45.2
45.2
45.2
45.2
45.3
45.2
45.2
45.2
45.2
45.3
45.3
45.3
45.3
45.3
45.2
45.3
45.1
45.1
45.1
45.2
45.1
45.1
45.2
44.8
44.4
44.5
44.3
44.1
44.3
44.4
44.5
44.5
44.6
44.7
44.7
44.6
44.7
44.8
44.8
44.5
44.3
44.2
39.1
39.5
44.9
44.9
44.9
44.9
44.9
45.0
45.0
38.0
38.2
38.6
38.7
38.6
38.2
37.8
38.5
45.3
45.2
39.3
38.8
38.8
38.9
39.0
39.2
39.1
39.0
38.6
38.3
37.9
37.7
38.1
38.5
38.7
39.0
39.3
38.9
39.3
39.9
39.6
39.1
39.2
39.8
45.5
45.5
45.5
45.4
45.4
45.5
45.5
45.5
45.5
45.5
45.5
45.5
45.5
45.4
45.4
45.5
45.6
45.4
45.5
45.5
45.5
45.6
45.5
45.6
45.6
45.6
45.6
45.6
45.6
45.6
45.7
45.7
45.7
45.7
45.7
45.7
45.7
45.7
45.8
45.7
45.7
45.7
45.8
45.8
45.7
45.7
45.7
45.7
45.7
45.7
45.7
45.7
45.7
45.7
45.7
45.7
45.7
45.8
45.8
45.8
45.8
45.7
45.7
45.8
45.8
45.8
45.8
45.8
45.8
45.8
45.9
45.8
45.8
45.8
45.9
45.9
45.9
45.9
45.9
45.9
45.8
45.8
45.9
45.9
45.8
45.9
45.8
45.8
45.9
45.9
45.9
45.9
45.9
45.9
45.9
45.9
45.9
45.7
45.7
45.8
45.8
45.8
45.7
45.8
45.8
45.8
45.8
45.8
45.8
45.8
45.8
45.8
45.9
45.9
45.9
45.9
45.9
45.9
45.9
45.9
46.0
45.9
45.9
45.9
45.7
45.6
45.6
45.7
45.7
45.8
45.7
45.6
45.5
45.5
45.5
45.4
45.1
44.8
44.9
44.9
45.0
45.0
36.4
41.6
42.1
42.4
42.9
43.2
43.4
43.6
43.8
44.0
44.1
44.3
44.4
44.7
44.7
44.7
44.8
44.8
44.8
44.8
44.8
44.8
44.9
45.1
45.1
