37.0
37.5
44.1
34.9
34.6
34.9
35.2
42.4
42.0
42.0
42.0
41.8
42.0
42.0
41.9
42.1
42.4
42.7
42.8
43.0
43.2
43.5
43.7
43.8
44.0
44.1
44.3
44.4
44.5
44.6
44.2
37.6
37.8
45.3
45.3
45.3
45.3
45.4
45.4
45.4
45.4
45.4
45.4
45.5
45.5
45.5
45.5
45.5
45.6
45.5
45.5
45.5
45.6
45.6
45.6
45.5
45.6
45.5
45.5
45.5
45.5
45.5
45.6
45.6
45.6
45.6
45.6
45.6
45.6
45.6
45.6
45.7
45.7
45.7
45.7
45.6
45.6
45.7
45.7
45.7
45.7
45.7
45.7
45.7
45.7
45.7
45.7
45.7
45.6
45.6
45.6
45.6
45.7
45.7
45.7
45.7
45.7
45.7
45.7
45.7
45.7
45.7
45.7
45.7
45.8
45.7
45.8
45.8
45.8
45.8
45.9
45.9
45.9
45.9
45.9
45.9
45.9
45.9
45.9
45.8
45.7
45.7
45.8
45.8
45.9
45.8
45.7
45.7
45.7
45.8
45.8
45.7
45.7
45.7
45.7
45.7
45.7
45.2
37.2
37.5
38.0
44.5
44.5
44.6
44.7
44.8
44.9
45.0
45.2
45.3
45.4
45.4
45.5
45.5
45.6
45.7
45.7
45.8
45.8
45.9
45.8
45.9
45.9
46.0
45.9
46.0
46.0
46.0
46.0
46.0
46.0
46.0
46.0
46.0
46.1
46.1
46.0
46.0
46.1
46.1
45.9
45.8
45.8
45.8
45.7
45.6
45.4
45.4
45.3
45.5
45.6
45.6
45.7
45.7
45.8
45.8
45.9
45.9
45.9
45.9
46.0
46.0
46.0
46.0
46.0
46.0
45.8
45.8
45.8
45.8
45.9
45.8
45.7
45.7
45.7
45.6
45.6
45.1
45.0
44.8
44.9
45.1
45.2
45.2
45.4
45.4
45.4
45.4
45.3
45.4
45.5
45.4
45.4
45.4
45.4
45.4
44.8
38.4
44.1
44.0
43.6
37.6
37.3
37.3
37.2
36.9
37.1
44.1
43.9
44.1
44.1
44.1
44.2
44.0
43.8
43.3
43.5
43.7
43.9
44.1
44.3
44.4
44.5
44.6
44.8
44.9
45.0
45.1
45.1
45.2
45.3
45.3
45.3
45.3
45.4
45.4
45.5
45.6
45.6
45.7
45.7
45.8
45.8
45.7
45.6
45.5
45.5
45.6
45.7
45.7
45.7
45.8
45.9
45.9
