34.9
41.8
41.9
36.8
37.2
44.7
44.7
44.7
44.8
44.7
44.8
44.8
44.9
44.9
45.0
45.0
45.0
45.1
45.1
45.1
45.0
45.0
45.1
45.0
44.9
44.9
44.8
44.8
44.7
44.5
44.5
44.6
44.6
44.7
44.7
44.8
44.8
44.9
44.9
45.0
45.0
45.0
45.1
45.1
45.1
44.9
45.0
45.0
45.0
45.0
45.0
44.9
44.9
44.7
44.7
44.8
44.8
44.7
44.8
44.8
44.8
44.8
44.8
44.9
44.9
45.0
45.0
45.0
45.0
44.9
44.9
45.0
44.9
45.0
44.9
45.0
45.1
45.1
45.1
45.1
45.1
45.2
45.2
45.2
45.2
45.2
45.2
45.3
45.2
45.2
45.2
45.2
45.3
45.3
45.2
45.2
45.2
45.2
45.2
45.2
45.3
45.0
44.7
44.9
44.5
44.2
44.1
37.2
37.1
37.2
37.3
44.7
44.3
44.3
44.2
44.3
44.4
44.2
44.3
44.4
44.6
44.7
44.8
44.9
45.0
45.1
45.1
45.2
45.2
45.2
45.2
45.2
45.2
45.3
45.2
45.2
45.2
45.2
45.2
45.1
45.1
45.1
45.1
44.7
44.7
44.8
44.8
44.6
44.3
43.7
43.3
42.8
42.4
42.1
37.0
42.8
43.1
43.4
43.6
43.9
44.1
44.2
44.5
44.6
44.6
44.8
44.8
44.9
45.0
45.1
45.1
45.1
45.2
45.2
45.2
45.2
45.3
45.3
45.4
45.4
45.4
45.5
45.5
45.5
45.5
45.5
45.7
45.7
45.7
45.7
45.6
45.7
45.6
45.6
45.7
45.7
45.6
45.5
45.5
45.6
45.6
45.6
45.5
45.6
45.5
45.5
45.3
45.3
45.3
45.3
45.3
45.4
45.4
45.4
45.1
45.1
45.2
45.2
45.2
45.2
45.2
45.3
45.3
45.3
37.2
37.1
37.0
43.4
43.4
43.5
43.6
43.8
43.9
43.5
43.6
43.7
43.8
44.0
44.2
44.4
44.5
44.7
44.8
44.9
45.1
45.1
38.4
38.5
38.7
39.0
39.1
39.7
45.3
45.3
45.3
45.3
45.4
45.3
45.4
45.3
45.3
45.2
45.2
45.2
45.2
45.3
45.3
45.3
45.3
45.4
45.3
45.4
45.4
45.4
45.5
45.5
45.5
45.3
45.4
45.3
45.1
45.2
45.1
44.8
44.5
44.4
44.5
44.6
44.7
44.7
44.8
44.8
44.9
44.9
44.9
