42.2
73.2
47.6
37.4
37.5
38.0
44.5
31.8
32.3
38.6
38.5
38.3
38.0
37.4
37.1
36.8
37.2
37.3
37.0
30.9
30.3
29.8
29.4
29.0
28.7
28.4
28.1
27.9
27.6
27.9
27.7
27.5
37.2
30.4
30.3
29.9
29.9
30.0
30.0
30.0
29.6
29.6
29.7
29.8
29.9
29.6
29.6
29.6
29.6
29.7
29.6
29.4
29.5
29.6
29.6
29.6
29.4
29.7
29.9
29.9
29.9
29.6
29.9
30.0
30.0
30.0
29.9
29.7
29.7
29.8
29.8
29.6
29.4
29.5
29.7
29.8
29.8
29.4
29.6
29.7
29.8
29.8
29.4
29.4
29.5
29.5
29.6
29.2
29.3
29.5
29.6
29.8
29.5
29.5
29.5
29.6
29.7
29.7
29.4
29.5
29.6
29.7
29.6
29.3
29.3
29.6
29.6
29.7
29.5
29.4
29.4
29.6
29.7
29.8
29.4
29.5
29.5
29.6
29.6
29.4
29.3
29.4
29.6
29.7
29.6
29.4
29.5
29.6
29.6
29.7
29.3
29.3
29.4
29.5
29.6
29.3
29.3
29.3
29.4
29.8
29.6
29.5
29.6
29.6
29.7
29.6
29.3
29.4
29.4
29.5
29.5
29.3
29.4
29.5
29.8
29.9
29.6
29.5
29.5
29.6
29.6
29.3
29.3
29.4
29.5
29.6
29.4
29.2
29.3
29.4
29.4
29.4
29.2
29.3
29.4
29.5
29.6
29.2
29.3
29.5
29.6
29.6
29.2
29.4
29.4
29.5
29.6
29.4
29.3
29.3
29.5
29.6
29.4
29.2
29.6
29.8
29.9
29.7
29.5
29.6
29.5
29.6
29.6
29.2
29.3
29.4
29.4
29.4
29.1
29.2
29.3
29.4
29.5
29.1
29.1
29.3
29.3
29.5
29.2
29.3
29.4
29.5
29.6
29.6
29.5
29.6
29.6
29.7
29.8
29.4
29.5
29.5
29.6
29.6
29.3
29.3
29.4
29.5
29.5
29.3
29.3
29.4
29.5
29.6
29.6
29.3
29.3
29.3
29.4
29.4
29.1
29.6
30.1
30.1
30.2
29.9
29.7
29.7
29.8
29.8
29.6
37.2
30.3
30.2
30.4
30.5
30.0
30.0
30.1
30.0
30.1
29.8
30.4
30.3
30.3
30.3
30.1
29.7
29.7
29.8
29.8
29.8
29.4
29.4
29.6
29.6
29.7
29.6
29.6
29.7
29.6
29.6
29.6
29.2
29.2
29.3
29.4
29.4
29.0
29.1
29.2
29.3
29.4
29.1
29.1
29.3
29.3
29.4
29.1
29.2
29.3
29.3
29.4
29.3
29.0
29.1
29.3
29.5
29.5
29.3
29.4
29.4
29.4
29.5
29.1
29.3
29.4
29.4
29.5
29.1
29.3
29.4
29.4
29.5
29.3
29.3
29.3
29.5
29.5
29.3
29.2
29.3
29.3
29.4
29.5
29.1
29.3
29.3
29.4
29.3
29.1
29.1
29.3
29.4
29.4
29.1
29.2
29.2
29.3
29.4
29.1
29.2
29.3
29.5
29.6
29.4
29.3
29.3
29.4
29.6
29.6
29.2
29.3
29.4
29.4
29.6
29.2
29.3
29.4
29.5
29.5
29.3
29.2
29.4
29.6
29.7
29.4
29.3
29.5
29.5
29.6
29.3
29.2
29.3
29.4
29.5
29.3
29.1
29.2
29.3
29.3
29.5
29.1
29.2
36.6
29.9
29.9
29.5
29.5
29.6
29.6
29.7
29.5
29.3
29.4
29.5
29.6
29.7
29.3
29.4
29.4
29.5
29.6
29.2
29.3
29.4
29.4
29.4
29.1
29.2
29.2
29.3
29.4
29.3
29.1
29.2
29.3
29.4
29.4
29.1
29.2
29.2
29.3
29.4
29.1
29.1
29.3
29.4
29.7
29.4
29.4
29.4
29.5
29.5
29.4
29.2
29.3
29.4
29.5
29.4
29.2
29.2
29.3
29.4
29.4
29.0
29.1
29.3
29.3
29.2
29.0
29.0
29.1
29.2
29.2
28.9
29.1
29.3
29.3
29.4
29.2
29.3
29.5
29.5
29.5
29.3
29.3
29.4
29.4
29.5
29.2
29.1
29.2
29.3
29.4
29.3
29.1
29.2
29.3
29.4
29.5
29.1
29.1
29.2
29.4
29.4
29.1
29.2
29.4
29.4
29.5
29.3
29.3
29.5
29.5
29.6
29.3
29.3
29.4
29.4
29.5
29.5
29.2
29.2
29.2
29.3
29.4
29.1
29.3
29.4
29.5
29.5
29.4
29.2
29.3
29.5
29.5
29.6
29.2
29.3
29.4
29.4
29.6
29.4
29.3
29.5
29.7
29.7
29.6
29.4
29.4
29.5
29.5
29.5
29.1
29.1
29.3
29.4
29.4
29.0
29.1
29.3
29.3
29.4
29.2
29.2
29.3
29.4
29.5
29.6
29.2
29.3
29.3
29.4
29.5
29.2
29.3
29.6
29.6
29.7
29.4
29.4
29.4
29.4
29.5
29.4
29.2
29.2
29.3
29.3
29.5
29.1
29.2
29.3
29.3
29.4
29.1
29.2
29.2
29.4
29.4
29.3
29.1
29.3
29.3
29.4
29.5
29.1
29.2
29.4
29.6
29.7
29.4
29.3
29.4
29.5
29.6
29.5
29.5
29.5
29.6
29.6
29.7
29.3
29.3
29.5
29.5
29.6
29.2
29.3
29.3
29.4
29.4
29.1
29.2
29.3
29.4
29.5
29.3
29.1
29.2
29.3
29.4
29.3
29.2
29.3
29.3
29.4
29.5
29.1
29.2
29.3
29.4
29.5
29.3
29.2
29.3
29.5
29.5
29.4
29.2
29.2
29.3
29.4
29.5
29.2
29.2
29.4
29.5
29.6
29.2
29.1
29.2
29.3
29.3
29.0
29.1
29.2
29.3
29.3
29.0
29.2
29.4
29.4
29.4
29.2
29.2
29.3
29.4
29.5
29.4
29.2
29.2
29.4
29.5
29.5
29.2
29.2
29.3
29.4
29.5
29.2
29.2
29.3
29.3
29.3
29.2
29.1
29.2
29.3
29.3
29.4
29.1
29.1
29.2
29.3
29.3
29.1
29.1
29.2
29.3
29.4
29.3
29.1
29.3
29.3
29.3
29.4
29.0
29.2
29.2
29.2
29.3
29.2
29.0
29.2
29.3
29.3
29.4
29.1
29.2
29.3
29.4
29.5
29.2
29.2
29.3
29.3
29.4
29.1
29.2
29.3
29.5
29.6
29.4
29.3
29.4
29.5
29.5
29.5
29.2
29.3
29.4
29.5
29.6
29.2
29.3
29.3
29.4
29.5
29.2
29.3
29.4
29.5
29.5
29.4
29.3
29.3
29.4
29.5
29.4
29.2
29.3
29.4
29.4
29.5
29.2
29.1
29.3
29.3
29.5
29.1
29.2
29.3
29.4
29.4
29.4
29.1
29.3
29.4
29.5
29.6
29.3
29.4
29.4
29.5
29.6
29.3
29.2
29.3
29.4
29.5
29.5
29.2
29.3
29.4
29.5
29.4
29.1
29.2
29.3
29.4
29.4
29.4
29.2
29.2
29.4
29.3
29.4
29.0
29.2
29.2
29.3
29.4
29.0
29.1
29.3
29.4
29.4
29.2
29.1
29.2
29.4
29.5
29.3
29.2
29.2
29.4
29.4
29.5
29.1
29.2
29.3
29.4
29.5
29.2
29.2
29.3
29.4
29.4
29.3
29.2
29.2
29.3
29.4
29.2
29.1
29.3
29.5
29.5
29.6
29.2
29.3
29.4
29.5
29.5
29.2
29.3
29.3
29.4
29.5
29.3
29.2
29.3
29.4
29.5
