42.4
42.1
42.1
42.5
42.8
42.9
42.4
36.4
36.7
41.8
41.3
41.6
42.1
42.5
42.8
43.1
43.4
43.7
43.9
44.1
43.9
44.1
44.2
44.3
44.2
43.7
43.3
43.0
42.7
42.9
37.2
37.2
37.3
37.7
38.1
38.5
38.9
38.9
39.4
39.8
39.4
38.8
38.2
37.7
37.3
37.3
37.5
37.5
37.7
37.8
37.9
38.2
38.8
44.5
38.8
38.8
39.1
39.3
39.5
39.5
39.5
39.2
38.8
39.0
39.3
45.3
45.3
45.2
45.3
45.3
45.3
45.3
45.2
45.3
45.3
45.3
45.3
45.2
45.2
44.7
44.8
44.8
44.8
44.8
45.0
45.0
45.0
44.9
44.8
44.9
44.9
44.9
44.8
44.3
39.1
39.3
39.4
39.3
39.6
39.9
39.9
39.9
40.0
40.4
40.3
40.4
40.3
40.8
41.3
41.8
42.1
42.3
42.5
42.7
42.9
43.1
43.4
43.6
43.9
44.1
44.3
44.5
44.6
44.7
44.8
45.0
45.0
45.2
45.2
45.3
45.4
45.4
45.4
45.3
45.4
45.4
45.4
45.4
45.4
45.4
45.4
45.4
45.4
45.4
45.3
45.2
45.1
45.1
45.1
45.1
45.2
45.3
45.4
45.4
45.4
45.5
45.6
45.6
45.6
45.6
45.6
45.7
45.6
45.4
45.4
45.2
45.2
45.2
45.2
45.1
45.1
45.2
45.3
45.3
45.4
45.5
45.5
45.6
45.7
45.7
45.7
45.8
45.8
45.8
45.9
45.9
45.9
45.9
45.9
46.0
45.9
45.9
45.9
45.8
45.6
45.4
44.9
44.4
44.6
44.6
44.5
43.9
43.7
43.8
44.0
44.2
44.4
44.6
44.8
44.9
44.6
44.6
44.7
44.8
44.8
44.7
44.7
39.1
39.3
39.2
39.0
38.6
38.9
39.5
39.3
38.8
38.6
38.4
38.2
37.6
37.2
37.6
38.0
38.5
39.0
39.2
39.7
40.1
40.4
40.4
40.7
40.8
40.6
40.5
40.3
40.3
45.7
45.6
45.6
45.7
45.7
45.6
45.7
45.7
45.7
45.2
44.8
44.4
44.0
43.5
43.1
43.3
43.4
43.1
42.8
42.6
42.1
42.1
42.2
41.9
42.4
42.8
43.2
43.5
43.8
43.9
44.1
44.3
44.5
44.7
44.8
44.8
45.0
44.9
45.0
45.1
45.2
45.2
45.3
45.4
45.4
45.5
45.1
39.1
39.5
45.5
45.5
45.5
45.6
45.6
45.6
