26.8
34.1
33.1
27.6
27.7
27.9
28.2
28.4
28.4
28.4
28.6
28.8
28.9
29.0
28.8
29.0
29.0
29.1
29.3
29.0
29.1
29.2
29.3
29.5
29.1
29.2
29.4
29.5
29.6
29.8
29.7
29.8
29.8
29.9
29.8
29.8
29.8
29.8
29.8
29.9
29.5
29.5
29.5
29.6
29.6
29.4
29.3
29.4
29.5
29.5
29.6
29.3
29.4
29.4
29.5
29.5
29.2
29.3
29.4
29.5
29.6
29.5
29.4
29.5
29.5
29.5
29.6
29.2
29.2
29.3
29.4
29.4
29.1
29.2
29.2
29.2
29.3
29.0
29.2
29.2
29.3
29.3
29.2
29.1
29.2
29.3
29.4
29.5
29.1
29.3
29.3
29.4
29.4
29.0
29.2
29.3
29.4
29.5
29.1
29.2
29.4
29.4
29.5
29.5
29.2
29.3
29.4
29.5
29.5
29.1
29.2
29.3
29.7
29.7
29.4
29.5
29.5
29.7
29.6
29.5
29.4
29.4
29.5
29.5
29.4
29.2
29.4
29.4
29.4
29.4
29.2
29.3
29.4
29.5
29.5
29.2
29.2
29.3
29.2
29.3
29.0
29.0
29.1
29.3
29.3
29.1
29.2
29.3
29.4
29.4
29.2
29.0
29.1
29.2
29.3
29.2
29.2
29.3
29.3
29.4
29.1
29.0
29.0
29.0
29.2
29.2
29.0
29.1
29.2
29.3
29.4
29.0
29.1
29.2
29.2
29.2
29.0
29.0
29.1
29.1
29.2
28.8
28.9
28.9
29.0
29.1
28.9
29.0
29.1
29.1
29.2
29.1
29.0
29.1
29.3
29.3
29.3
29.0
29.1
29.2
29.2
29.3
29.0
29.1
29.1
29.2
29.2
28.9
28.9
29.0
29.0
29.1
28.8
28.9
29.1
29.2
29.2
29.2
29.0
29.1
29.3
29.3
29.4
29.1
35.9
30.3
30.2
30.0
29.6
29.6
29.6
29.7
29.7
29.7
36.4
30.5
30.5
30.4
30.4
30.1
30.0
30.0
30.0
30.0
29.7
30.0
30.0
29.9
29.9
29.8
29.5
29.5
29.5
29.5
29.5
29.2
29.2
29.2
29.2
29.3
29.1
28.9
29.0
29.1
29.2
29.0
29.0
29.1
29.2
29.3
29.2
29.1
29.2
29.2
29.3
29.3
29.1
29.1
29.1
29.3
29.3
28.9
29.1
29.1
29.2
29.3
28.9
29.0
29.1
29.6
29.7
29.3
29.2
29.4
29.4
29.5
29.2
29.2
29.3
29.4
29.4
29.3
29.1
29.2
29.3
29.3
29.3
29.1
29.1
29.3
29.3
29.4
29.0
29.0
29.1
29.1
29.3
28.9
29.0
29.0
29.1
29.2
28.9
29.0
29.1
29.2
29.3
29.2
29.0
29.1
29.2
29.2
29.5
35.9
29.3
29.3
29.3
29.3
29.0
29.1
29.2
29.2
29.3
29.1
29.1
29.2
29.3
29.3
29.2
29.0
29.1
29.2
29.2
29.1
28.9
29.1
29.1
29.2
29.3
28.9
28.9
29.0
29.1
29.2
29.0
29.0
29.1
29.2
29.3
29.1
29.0
29.1
29.0
29.1
29.0
28.7
29.0
29.1
29.1
29.2
28.8
28.9
29.0
29.1
29.1
28.8
28.9
29.0
29.0
29.2
28.9
29.0
29.1
29.2
29.3
29.2
29.1
29.2
29.3
29.4
29.4
29.2
29.3
29.4
29.4
29.4
29.1
29.1
29.2
29.2
29.2
29.1
28.8
29.0
29.2
29.3
29.3
29.0
29.1
29.2
29.3
29.3
29.0
29.0
29.1
29.2
29.2
29.1
28.9
29.0
29.0
29.1
29.3
28.9
29.0
29.2
29.3
29.5
29.2
29.2
29.3
29.4
29.4
29.4
29.1
29.2
29.3
29.3
29.4
29.1
29.1
29.2
29.4
29.3
29.0
29.1
29.2
29.3
29.4
29.2
29.1
29.2
29.2
29.2
29.2
29.0
29.0
29.1
29.2
29.2
28.9
29.1
29.1
29.2
29.1
28.9
29.0
29.1
29.2
29.3
29.0
29.1
29.2
29.3
29.4
29.2
29.1
29.2
29.2
29.3
29.3
29.0
29.0
29.1
29.2
29.1
28.8
28.9
29.0
29.1
29.2
29.1
28.9
29.0
29.2
29.4
29.5
29.1
29.2
29.3
29.3
29.3
29.0
29.1
29.0
29.1
29.2
29.2
29.0
29.1
29.1
29.2
29.3
29.0
29.1
29.1
29.3
29.4
29.0
29.1
29.1
29.3
29.2
28.9
29.1
29.2
29.3
29.4
29.2
29.1
29.2
29.3
29.3
29.4
29.0
29.1
29.1
29.2
29.3
29.1
29.0
29.1
29.2
29.2
29.2
29.0
29.1
29.2
29.2
29.3
29.0
29.1
29.2
29.3
29.4
29.1
29.1
29.2
29.2
29.4
29.3
29.1
29.2
29.2
29.3
29.4
29.1
29.2
29.1
29.1
29.3
29.1
29.1
29.3
29.4
29.5
29.4
29.2
29.4
29.5
29.5
29.5
29.2
29.2
29.4
29.3
29.4
29.1
29.2
29.2
29.3
29.3
29.2
29.1
29.1
29.2
29.3
29.4
29.0
29.1
29.2
29.3
29.3
29.1
29.2
29.3
29.4
29.5
29.3
29.2
29.3
29.3
29.4
29.5
29.2
29.2
29.4
29.5
29.6
29.3
29.3
29.4
29.5
29.5
29.5
29.2
29.3
29.3
29.4
29.5
29.1
29.3
29.2
29.3
29.4
29.2
29.2
29.4
29.4
29.5
29.5
29.3
29.3
29.4
29.5
29.5
29.1
29.2
29.3
29.4
29.4
29.1
29.1
29.3
29.3
29.4
29.4
29.1
29.2
29.3
29.4
29.4
29.1
29.1
29.2
29.3
29.5
29.5
29.2
29.3
29.3
29.4
29.5
29.1
29.2
29.2
29.3
29.3
29.2
29.0
29.1
29.2
29.3
29.3
29.0
29.0
29.1
29.3
29.3
29.1
29.0
29.1
29.3
29.3
29.2
29.0
29.1
29.2
29.3
29.5
29.1
29.2
29.3
29.4
29.6
29.6
29.3
29.4
29.5
29.6
29.6
29.3
29.3
29.4
29.5
29.5
29.3
29.2
29.3
29.4
29.4
29.4
29.1
29.1
29.3
29.3
29.4
29.3
29.2
29.4
29.4
29.5
29.6
29.2
29.3
29.3
29.4
29.5
29.3
29.1
29.3
29.4
29.3
29.4
29.1
29.1
29.2
29.4
29.4
29.1
29.1
29.2
29.2
29.3
29.1
29.0
29.1
29.3
29.3
29.1
29.1
29.2
29.3
29.3
29.4
29.0
29.2
29.3
29.3
29.4
29.1
29.2
29.4
29.4
29.5
29.4
29.3
29.3
29.4
29.4
29.5
29.1
29.2
29.3
29.4
29.5
29.2
29.2
29.3
29.4
29.5
29.2
29.4
29.5
29.6
29.6
29.4
29.3
29.4
29.5
29.6
29.6
29.2
29.3
29.3
29.4
29.4
29.1
29.2
29.2
29.6
29.8
29.4
29.4
29.5
29.4
29.4
29.4
29.2
29.2
29.3
29.4
29.3
29.1
29.1
29.2
29.3
29.4
29.2
29.3
29.4
29.4
29.5
29.3
29.2
29.3
29.4
29.4
29.5
29.1
29.2
29.3
29.3
29.4
29.3
29.1
29.2
29.3
29.4
29.4
