30.3
29.7
29.8
29.8
29.6
29.7
29.7
29.7
29.7
29.4
29.5
29.5
29.6
29.7
29.4
29.5
29.6
29.7
29.7
29.4
29.5
29.6
29.7
29.7
29.3
29.3
29.4
29.8
29.8
29.4
29.5
29.6
29.7
30.0
29.6
29.6
29.7
29.8
29.8
29.5
29.6
29.6
29.6
29.7
29.5
29.5
29.6
29.7
29.8
29.9
29.6
29.6
29.7
29.8
29.8
29.4
29.4
29.5
29.5
29.6
29.3
29.3
29.3
29.4
29.5
29.2
29.3
29.4
29.5
29.7
29.3
29.3
29.5
29.5
29.6
29.4
29.4
29.5
29.5
29.5
29.5
29.2
29.3
29.4
29.5
29.5
29.2
29.2
29.3
29.4
29.5
29.4
29.2
29.3
29.4
29.4
29.5
29.2
29.3
29.4
29.5
29.5
29.2
29.3
29.4
29.4
29.6
29.4
29.3
29.7
29.8
29.8
29.6
29.3
29.5
29.7
29.7
29.6
29.4
29.5
29.7
29.7
29.8
29.4
29.5
29.5
29.6
29.7
29.3
29.4
29.5
29.5
29.6
29.4
29.3
29.4
29.4
29.5
29.5
29.2
29.3
29.4
29.5
29.6
29.3
29.3
29.4
29.4
29.5
29.1
29.2
29.3
29.4
29.5
29.5
29.4
29.4
29.5
29.6
29.6
29.3
29.4
29.5
29.6
29.6
29.3
29.4
29.4
29.5
29.7
29.6
29.4
29.5
29.5
29.5
29.6
29.2
29.3
29.4
29.5
29.6
29.3
29.2
29.3
29.4
29.5
29.4
29.2
29.4
29.4
29.5
29.5
29.1
29.2
29.3
29.5
29.5
29.2
29.4
29.5
29.6
29.7
29.3
29.4
29.5
29.6
29.7
29.5
29.5
29.6
29.7
29.6
29.3
29.3
29.4
29.5
29.6
29.4
29.2
29.3
29.4
29.5
30.0
29.9
29.9
29.8
29.9
29.9
29.5
29.6
29.7
37.2
30.1
29.7
29.8
30.0
30.0
30.0
29.8
29.6
29.7
29.8
39.7
29.9
29.5
29.5
29.6
29.6
29.6
29.3
29.4
29.4
29.4
29.5
29.1
29.3
29.3
29.3
29.3
29.0
29.1
29.2
29.4
29.5
29.2
29.2
29.2
29.3
29.4
29.3
29.0
29.2
29.2
29.3
29.3
29.0
29.2
29.3
29.4
29.5
29.1
29.2
29.2
29.3
29.3
29.1
29.6
29.7
29.7
29.7
29.7
29.4
29.5
29.6
29.8
29.8
29.4
29.5
29.6
29.6
29.7
29.3
29.4
29.5
29.6
29.5
29.2
29.3
29.4
29.5
29.6
29.2
29.2
29.3
29.4
29.5
29.3
29.1
29.3
29.3
29.4
29.3
29.0
29.2
29.2
29.4
29.4
29.0
29.2
29.3
35.5
30.1
29.8
29.6
29.7
29.7
29.8
29.4
29.5
29.6
29.6
29.7
29.5
29.3
29.4
29.5
29.5
29.4
29.3
29.3
29.4
29.4
29.6
29.2
29.3
29.3
29.5
29.6
29.2
29.3
29.5
29.5
29.5
29.3
29.2
29.3
29.4
29.5
29.5
29.2
29.3
29.4
29.5
29.5
38.0
29.1
29.0
29.2
29.3
29.4
29.1
29.1
29.2
29.3
29.3
29.0
29.1
29.3
29.5
29.5
29.2
29.2
29.3
29.3
29.3
29.2
29.0
29.1
29.3
29.3
29.2
29.0
29.2
29.3
29.4
29.4
29.1
29.2
29.3
29.3
29.4
29.2
29.2
29.3
29.3
29.4
29.1
29.1
29.2
29.4
29.5
29.4
29.2
29.3
29.3
29.3
29.4
29.0
29.1
29.3
29.4
29.5
29.4
29.2
29.3
29.3
29.4
29.5
29.2
29.3
29.3
29.4
29.4
29.1
29.1
29.2
29.4
29.4
29.4
29.2
29.2
29.4
29.4
29.2
29.0
29.1
29.3
29.3
29.2
29.1
29.2
29.3
29.4
29.4
29.1
29.1
29.3
29.4
29.4
29.1
29.2
29.3
29.4
29.4
29.1
29.2
29.3
29.4
29.5
29.2
29.2
29.4
29.5
29.4
29.3
29.1
29.2
29.4
29.4
29.2
29.0
29.1
29.2
29.3
29.2
29.1
29.1
29.2
29.3
29.1
29.1
29.2
29.3
29.4
29.2
28.9
29.1
29.2
29.3
29.4
29.1
29.2
29.4
29.5
29.5
29.2
29.1
29.2
29.2
29.4
29.4
29.1
29.1
29.2
29.3
29.3
29.0
29.1
29.2
29.3
29.4
29.0
29.1
29.3
29.3
29.5
29.3
29.2
29.3
29.4
29.4
29.3
29.1
29.3
29.4
29.5
29.6
29.3
29.4
29.5
29.4
29.2
29.0
29.2
29.3
29.4
29.4
29.1
29.3
29.3
29.3
29.4
29.1
29.2
29.2
29.4
29.4
29.1
29.2
29.3
29.3
29.3
29.0
29.1
29.2
29.3
29.5
29.2
29.2
29.3
29.3
29.4
29.2
29.0
29.1
29.3
29.4
29.4
29.1
29.2
29.3
29.2
29.3
29.0
29.2
29.3
29.4
29.4
29.1
29.2
29.3
29.4
29.5
29.2
29.3
29.4
29.4
29.6
29.3
29.3
29.4
29.4
29.5
29.3
29.1
29.2
29.4
29.4
29.5
29.2
29.2
29.3
29.4
29.4
29.1
29.2
29.3
29.4
29.5
29.4
29.3
29.3
29.3
29.5
29.4
29.2
29.2
29.3
29.5
29.6
29.2
29.2
29.3
29.4
29.5
29.2
29.2
29.3
29.4
29.5
29.2
29.3
29.3
29.5
29.5
29.2
29.2
29.3
29.4
29.5
29.4
29.2
29.3
29.4
29.4
29.3
29.1
29.2
29.3
29.4
29.5
29.1
29.2
29.3
29.4
29.5
29.2
29.2
29.3
29.3
29.5
29.2
29.3
29.4
29.5
29.5
29.5
29.2
29.3
29.3
29.3
29.5
29.1
29.2
29.3
29.4
29.5
29.2
29.2
29.3
29.4
29.6
29.2
29.2
29.3
29.4
29.4
29.4
29.2
29.3
29.4
29.4
29.5
29.1
29.2
29.3
29.4
29.4
29.2
29.2
29.3
29.3
29.5
29.2
29.2
29.3
29.4
29.5
29.4
29.2
29.3
29.3
29.4
29.1
29.2
29.3
29.3
29.4
29.2
29.2
29.3
29.4
29.5
29.5
29.3
29.4
29.5
29.5
29.6
29.3
29.3
29.3
29.4
29.5
29.2
29.2
29.3
29.5
29.6
29.3
29.3
29.3
29.4
29.5
29.6
29.2
29.3
29.4
29.5
29.6
29.2
29.3
29.3
29.4
29.5
29.2
29.2
29.3
29.4
29.6
29.5
29.3
29.4
29.4
29.5
29.4
29.1
29.2
29.3
29.4
29.5
29.2
29.3
29.3
29.4
29.6
29.3
29.4
29.4
29.5
29.6
29.2
29.3
29.3
29.4
29.4
29.3
29.3
29.4
29.4
29.5
29.4
29.1
29.2
29.4
29.3
29.4
29.0
29.1
29.2
29.4
29.4
29.1
29.2
29.3
29.4
29.4
29.5
29.2
29.3
29.4
29.5
29.4
29.2
29.3
29.4
29.4
29.5
29.2
29.3
29.5
29.6
29.6
29.2
29.2
29.3
29.4
29.5
29.2
29.3
29.4
29.5
29.5
29.2
29.2
29.3
29.3
29.4
