27.8
64.6
64.3
34.7
34.9
41.8
34.3
44.9
35.7
35.6
35.2
35.3
35.6
35.4
35.2
34.9
35.0
35.5
36.0
36.3
30.5
30.1
29.7
29.3
29.0
28.7
28.4
28.1
27.8
27.5
27.4
27.5
27.3
27.2
27.1
30.1
29.4
29.5
29.6
29.4
29.5
29.6
29.3
29.3
29.5
29.5
29.6
29.3
29.4
29.7
29.7
29.7
29.8
29.5
29.9
29.9
29.9
29.9
29.5
29.6
29.6
29.7
29.7
29.3
29.4
29.5
29.5
29.4
29.1
29.2
29.4
29.4
29.4
29.0
29.1
29.2
29.3
29.5
29.3
29.3
29.4
29.5
29.4
29.2
29.3
29.4
29.5
29.3
29.1
29.1
29.2
29.3
29.3
29.1
29.1
29.2
29.2
29.2
29.1
29.2
29.3
29.4
29.4
29.1
29.2
29.3
29.4
29.5
29.5
29.4
29.4
29.4
29.5
29.4
29.2
29.2
29.4
29.4
29.3
29.1
29.2
29.3
29.4
29.5
29.2
29.3
29.3
29.4
29.4
29.2
29.0
29.4
29.5
29.5
29.3
29.2
29.4
29.4
29.5
29.6
29.3
29.4
29.5
29.5
29.5
29.2
29.2
29.3
29.5
29.5
29.4
29.2
29.3
29.3
29.4
29.3
29.1
29.1
29.2
29.3
29.3
29.0
29.1
29.2
29.4
29.4
29.2
29.1
29.1
29.1
29.2
28.9
28.9
29.0
29.2
29.2
29.1
29.1
29.3
29.3
29.4
29.3
29.1
29.2
29.2
29.3
29.3
29.0
29.1
29.1
29.2
29.3
29.0
29.0
29.2
29.3
29.3
29.0
29.1
29.2
29.2
29.3
29.0
29.2
29.3
29.3
29.4
29.1
29.1
29.2
29.3
29.3
29.1
29.1
29.1
29.1
29.3
29.1
29.1
29.2
29.3
29.3
29.4
29.1
29.1
29.3
29.3
29.4
29.1
29.1
29.2
29.3
29.4
29.3
29.0
29.3
29.5
29.6
29.6
29.3
29.3
29.4
29.4
29.5
29.1
29.2
29.2
29.3
29.3
29.0
29.1
29.2
29.3
29.9
29.6
29.5
29.7
29.8
29.6
29.4
29.5
29.6
29.6
29.7
29.5
29.4
29.5
29.6
29.7
29.7
29.3
29.4
29.4
29.5
29.6
29.2
29.2
29.3
29.4
29.4
29.1
29.0
29.1
29.3
29.3
29.0
29.1
29.3
35.7
30.5
30.2
29.9
29.9
29.9
29.9
29.8
29.5
29.5
29.5
29.6
29.7
29.3
29.4
29.3
29.4
29.5
29.1
29.2
29.4
29.5
29.5
29.2
29.3
29.3
29.4
29.5
29.4
29.1
29.3
29.4
29.5
29.6
29.3
29.3
29.4
29.4
29.4
29.1
29.1
29.3
29.5
29.6
29.3
29.3
29.4
29.4
29.3
29.1
29.1
29.2
29.3
29.4
29.2
29.1
29.2
29.2
29.3
29.3
29.0
29.1
29.2
29.3
46.5
27.0
27.3
27.6
27.9
28.2
28.3
28.2
28.4
28.6
28.8
28.9
28.7
28.8
28.9
29.0
29.1
28.9
28.9
29.0
29.1
29.2
29.0
29.0
29.0
29.1
29.3
29.0
29.1
29.1
29.1
29.2
29.1
29.0
29.1
29.2
29.3
29.3
29.0
29.1
29.2
29.3
29.5
29.2
29.7
29.7
29.7
29.7
29.4
29.5
29.5
29.6
29.6
29.5
29.3
29.5
29.5
29.5
29.5
29.1
29.2
29.3
29.4
29.3
29.0
29.1
29.0
29.1
29.0
28.8
28.9
29.0
29.1
29.2
29.0
29.1
29.2
29.2
29.3
29.2
29.1
29.1
29.3
29.3
29.3
29.0
29.2
29.3
29.3
29.4
29.2
29.2
29.3
29.3
29.4
29.4
29.1
29.3
29.2
29.2
29.3
29.0
29.1
29.2
29.3
29.3
29.0
29.1
29.1
29.3
29.4
29.2
29.1
29.2
29.4
29.4
29.4
29.1
29.2
29.2
29.3
29.4
29.1
29.1
29.2
29.3
29.4
29.1
29.2
29.3
29.3
29.4
29.3
29.1
29.1
29.3
29.3
29.2
29.0
29.1
29.2
29.3
29.3
29.0
29.1
29.2
29.3
29.4
29.0
29.1
29.2
29.3
29.3
29.0
29.1
29.2
29.3
29.3
29.1
29.0
29.1
29.1
29.2
29.1
28.9
29.1
29.2
29.2
29.3
29.0
29.1
29.1
29.3
29.4
29.1
29.1
29.3
29.4
29.3
29.3
29.0
29.2
29.3
29.4
29.5
29.1
29.1
29.2
29.3
29.4
29.1
29.2
29.3
29.3
29.3
29.2
29.1
29.2
29.3
29.3
29.2
29.0
29.0
29.1
29.2
29.3
29.0
29.2
29.2
29.2
29.2
29.1
29.1
29.2
29.2
29.4
29.4
29.1
29.2
29.3
29.4
29.4
29.2
29.2
29.3
29.4
29.5
29.3
29.1
29.3
29.3
29.4
29.4
29.1
29.3
29.3
29.4
29.5
29.1
29.2
29.2
29.3
29.4
29.2
29.0
29.2
29.3
29.5
29.4
29.1
29.2
29.3
29.4
29.5
29.2
29.2
29.3
29.4
29.4
29.3
29.1
29.2
29.3
29.4
29.4
29.1
29.2
29.3
29.4
29.5
29.1
29.2
29.3
29.4
29.5
29.3
29.2
29.4
29.4
29.5
29.6
29.2
29.3
29.4
29.4
29.5
29.4
29.2
29.3
29.3
29.4
29.5
29.2
29.2
29.3
29.5
29.5
29.1
29.2
29.2
29.3
29.4
29.0
29.1
29.2
29.3
29.4
29.2
29.1
29.2
29.2
29.3
29.0
29.0
29.1
29.2
29.2
29.0
29.0
29.2
29.2
29.4
29.4
29.1
29.3
29.3
29.3
29.3
29.0
29.1
29.2
29.3
29.4
29.1
29.2
29.2
29.4
29.4
29.2
29.1
29.3
29.4
29.5
29.6
29.2
29.2
29.3
29.3
29.4
29.1
29.1
29.3
29.4
29.4
29.3
29.1
29.2
29.3
29.4
29.4
29.1
29.1
29.2
29.3
29.4
29.0
29.1
29.2
29.3
29.4
29.2
29.3
29.3
29.4
29.5
29.2
29.2
29.3
29.5
29.5
29.4
29.1
29.2
29.3
29.4
29.4
29.1
29.2
29.4
29.5
29.5
29.3
29.2
29.2
29.3
29.3
29.4
29.1
29.1
29.2
29.3
29.3
29.1
29.1
29.3
29.3
29.3
29.3
29.0
29.2
29.2
29.3
29.3
29.0
29.0
29.2
29.3
29.4
29.2
29.2
29.3
29.3
29.4
29.5
29.2
29.2
29.4
29.4
29.5
29.2
29.3
29.3
29.4
29.3
29.2
29.0
29.1
29.2
29.3
29.2
29.0
29.1
29.2
29.2
29.2
28.9
29.0
29.1
29.2
29.4
29.3
29.1
29.2
29.3
29.4
29.4
29.1
29.2
29.3
29.4
29.5
29.4
29.1
29.3
29.3
29.5
29.5
29.1
29.2
29.3
29.3
29.4
29.1
29.1
29.2
29.2
29.3
29.3
29.0
29.1
29.2
29.3
29.4
29.0
29.1
29.3
29.3
29.3
29.0
29.1
29.2
29.3
29.4
29.1
29.1
29.2
29.3
29.3
29.3
29.1
29.2
29.3
29.4
29.5
29.1
29.1
29.2
29.4
29.4
29.1
29.2
29.3
29.4
29.5
29.4
29.2
29.3
29.4
29.4
29.4
29.1
29.1
29.3
29.4
29.4
29.2
29.1
