43.4
38.2
38.1
38.6
45.3
45.3
45.2
45.1
38.0
37.6
37.8
37.9
38.4
38.8
39.1
45.3
45.2
45.2
45.3
45.3
45.3
45.3
45.3
45.3
45.3
36.6
36.4
36.3
36.5
37.0
37.2
37.6
45.3
45.3
45.3
45.3
44.9
45.0
44.9
44.8
44.6
44.6
44.5
44.1
44.0
44.1
43.7
43.6
43.7
43.3
42.7
43.0
43.3
43.5
43.8
44.0
44.1
44.3
44.4
44.5
44.6
44.7
44.7
44.8
45.0
45.0
45.0
45.1
45.1
45.1
38.8
38.2
38.0
37.6
37.1
36.7
36.4
36.3
35.9
36.3
44.3
44.3
44.2
43.6
43.1
42.6
42.0
41.5
41.0
40.4
40.0
39.6
39.3
39.3
39.2
38.9
45.1
45.1
44.6
38.0
43.4
43.5
43.8
44.0
44.1
43.6
43.3
43.6
43.8
43.9
44.1
44.2
44.3
44.5
44.7
44.8
44.9
44.9
44.9
45.0
45.1
45.1
45.1
45.1
45.2
45.2
45.2
45.3
45.3
45.3
45.3
45.4
45.3
45.3
44.8
38.6
38.5
38.9
45.9
45.3
44.8
44.8
44.6
35.1
35.4
44.9
45.0
45.1
45.2
45.2
45.3
45.3
45.4
44.9
44.4
43.7
43.6
43.9
44.1
44.3
44.5
44.6
44.8
44.9
45.0
45.1
45.2
45.3
45.4
45.4
45.4
45.5
45.5
45.4
45.2
45.2
45.3
45.4
45.5
45.5
45.6
45.7
45.7
45.8
45.7
45.8
45.8
45.8
45.9
45.9
45.9
45.9
45.9
45.9
45.9
45.9
45.9
45.9
46.0
45.9
45.9
46.0
46.0
46.0
46.1
46.1
46.1
46.1
46.1
46.1
46.1
46.0
46.1
46.1
46.0
46.0
46.0
46.0
45.9
45.9
45.9
45.9
45.9
46.0
45.9
45.8
45.8
45.8
45.8
45.8
45.8
45.8
45.8
45.6
37.2
37.4
37.6
37.7
38.3
38.5
39.0
44.1
44.1
44.0
38.2
38.5
44.3
44.3
44.6
44.7
44.9
45.0
45.2
45.2
45.3
45.4
45.4
45.5
45.6
45.6
45.6
45.6
45.7
45.8
45.8
45.8
45.8
45.8
45.9
45.9
45.8
45.9
45.9
46.0
45.9
46.0
46.0
46.0
46.1
46.0
46.0
46.0
46.0
46.0
46.0
46.0
46.0
46.0
46.0
46.1
46.1
46.1
46.1
46.1
46.1
46.1
46.1
