32.2
42.6
42.0
41.6
36.4
36.9
45.1
45.1
45.1
45.1
45.1
44.9
44.9
44.7
39.5
39.3
39.5
39.6
39.7
39.5
39.6
39.7
40.3
40.7
41.3
41.8
42.2
42.6
42.9
43.1
43.3
43.6
43.4
43.2
43.3
43.5
43.7
43.1
42.9
43.1
43.2
43.4
43.6
43.8
43.9
44.1
44.3
44.4
44.5
44.3
44.1
44.1
44.3
44.4
44.5
44.6
44.7
44.9
44.9
45.0
45.1
45.1
45.2
45.3
45.3
45.3
45.3
45.3
45.3
45.1
45.2
45.2
45.2
45.2
45.2
45.2
45.2
45.1
45.2
45.2
45.3
45.3
45.3
45.4
45.4
45.5
45.5
45.5
45.5
45.5
45.5
45.5
45.5
45.5
45.5
45.5
45.5
45.6
45.6
45.6
45.6
45.6
45.6
45.4
45.5
45.5
45.5
45.5
45.4
45.4
45.4
45.2
45.2
45.3
45.4
45.4
45.5
45.5
45.6
45.6
45.6
45.6
45.7
45.7
45.5
38.4
38.8
39.4
45.7
45.5
45.3
44.7
44.3
43.9
44.1
44.3
44.4
44.6
44.8
44.4
44.0
44.2
44.4
44.6
44.8
44.5
38.6
39.1
39.2
47.0
46.7
46.4
46.2
46.1
45.9
45.9
45.9
45.9
45.9
45.9
45.9
45.9
45.9
46.0
46.0
46.0
46.0
46.0
46.0
45.8
45.8
45.5
45.1
39.3
39.7
40.3
40.6
40.6
41.1
41.7
42.2
42.1
41.9
41.8
41.9
41.6
41.3
41.0
41.3
41.4
41.3
41.4
41.9
42.5
42.9
43.2
43.5
43.7
43.9
44.1
44.3
44.4
44.6
44.7
44.8
44.9
45.0
45.1
45.2
45.3
45.4
45.5
45.4
45.4
45.3
45.3
45.4
45.3
45.4
45.4
45.1
44.6
44.5
44.6
44.6
44.8
44.9
45.0
45.1
45.1
45.2
45.2
45.2
45.3
45.3
45.4
45.4
45.5
40.3
40.5
40.5
40.5
40.4
40.3
40.5
40.7
40.6
40.5
40.5
40.4
40.9
41.5
42.1
42.6
43.0
43.4
43.8
44.1
44.3
44.5
44.8
45.0
45.2
45.3
45.4
45.5
45.6
45.7
45.7
45.8
45.8
45.8
45.8
45.9
45.9
46.0
46.0
46.0
46.0
46.0
46.0
46.0
46.1
46.1
46.1
46.0
46.1
46.1
46.1
46.4
46.4
52.2
46.5
46.4
