25.6
42.8
43.1
43.3
43.6
44.1
44.2
44.5
44.6
44.8
44.9
45.0
45.0
45.1
45.2
45.2
45.3
45.4
45.4
45.4
45.5
45.5
45.6
45.6
45.5
45.2
38.2
38.3
45.3
45.0
44.4
36.6
42.2
42.5
42.9
43.1
42.6
42.5
43.0
43.3
43.6
43.9
44.1
44.3
44.5
44.7
44.8
45.0
45.0
45.2
45.5
45.4
38.0
38.0
38.6
39.0
39.2
39.5
44.7
44.2
35.9
35.7
35.7
36.1
43.0
43.1
38.0
37.9
37.9
44.1
44.3
44.5
44.7
44.8
44.9
45.0
45.1
45.2
45.2
45.3
45.4
45.4
45.3
45.4
45.0
44.7
44.5
44.3
43.9
43.7
43.6
43.5
43.5
43.2
42.6
43.0
43.6
44.1
44.6
44.7
44.8
44.9
45.0
45.0
45.0
44.4
36.1
36.3
36.7
36.8
37.4
37.3
37.0
36.8
36.8
36.8
36.5
36.3
36.5
43.6
43.7
44.0
44.1
44.2
44.4
44.6
44.8
45.1
45.2
45.3
45.4
45.4
45.5
45.5
45.5
45.4
45.5
45.5
45.6
45.6
45.6
45.6
45.6
45.7
45.7
45.7
45.8
45.8
45.9
45.9
45.9
45.8
45.8
45.9
45.9
45.8
45.4
45.0
39.5
40.0
45.9
45.2
36.6
45.5
45.5
45.5
45.2
45.1
45.2
45.2
45.3
45.4
45.5
45.6
45.6
45.7
45.7
45.7
45.5
45.6
45.5
45.6
45.6
45.7
45.8
45.8
45.9
45.9
45.8
45.6
45.5
44.9
44.6
44.1
43.6
43.1
42.8
43.1
43.4
43.8
44.0
44.3
44.5
44.8
45.0
45.2
45.3
45.4
45.5
45.6
45.8
45.8
45.8
45.8
45.9
45.9
45.9
45.9
45.9
45.9
45.8
45.7
45.8
45.8
45.9
46.0
46.1
46.1
46.1
46.0
46.1
46.1
46.1
46.0
45.9
45.9
46.0
46.0
46.0
46.0
46.0
45.9
45.6
45.4
45.3
45.3
45.4
45.3
45.0
45.1
45.3
45.4
45.6
45.7
45.8
45.8
45.9
45.9
46.0
46.1
46.1
46.1
46.1
46.1
46.0
46.0
46.0
46.0
46.0
46.0
46.0
46.0
46.0
46.0
46.0
46.1
46.0
46.0
46.0
46.0
46.1
46.1
46.1
46.1
46.1
46.1
46.1
46.0
45.9
45.8
45.8
45.9
45.9
45.8
45.9
45.8
45.8
45.8
45.8
