25.9
45.3
45.2
45.2
45.3
45.3
45.3
45.2
45.2
45.2
45.2
45.1
45.2
45.0
45.0
45.1
45.2
45.3
45.1
45.1
45.1
45.1
45.2
45.3
45.3
45.3
45.4
45.4
45.4
45.4
45.5
45.5
45.5
45.5
45.5
45.5
45.6
45.6
45.6
45.6
45.5
45.5
45.6
45.6
45.5
45.5
45.6
45.6
45.6
45.4
45.4
45.3
45.4
45.4
45.4
45.4
45.4
45.5
45.5
45.6
45.6
45.6
45.6
45.6
45.7
45.7
45.7
45.8
45.8
45.8
45.8
45.8
45.9
45.9
45.8
45.8
45.8
45.8
45.8
45.7
45.7
45.4
39.3
39.2
45.1
45.0
45.1
45.1
45.2
45.2
45.2
45.2
45.3
45.3
45.4
45.4
45.4
44.8
44.2
43.7
43.6
43.3
43.1
43.0
42.9
42.5
42.7
43.0
43.3
42.8
36.6
36.5
36.6
36.6
36.6
36.9
42.4
42.6
42.9
42.8
42.7
42.7
42.3
42.3
42.5
42.9
43.2
43.5
43.8
44.0
44.1
44.3
44.5
44.7
44.9
45.0
45.0
44.4
44.2
44.3
44.5
44.6
44.7
45.2
45.2
45.3
45.5
45.6
45.6
45.7
45.7
45.8
45.8
45.8
45.8
45.6
45.3
45.2
45.1
44.8
37.8
37.7
38.2
44.3
44.3
43.8
43.9
44.1
44.2
44.4
44.6
44.6
44.6
44.4
44.1
44.3
44.5
44.7
44.8
45.0
45.0
45.1
45.2
45.3
45.4
45.5
45.6
45.7
45.8
45.9
46.0
46.0
46.1
46.1
46.1
45.8
45.9
46.0
46.0
46.0
46.0
46.1
46.1
46.2
46.2
46.2
46.2
46.2
46.3
46.3
46.3
46.3
46.3
46.3
46.5
46.3
36.8
37.4
46.1
46.1
46.0
46.0
46.0
46.0
45.9
45.9
45.9
45.8
45.9
45.9
45.9
45.3
45.3
45.4
45.5
45.6
45.3
45.4
45.5
45.7
45.8
45.9
45.9
45.9
46.0
46.0
46.1
46.1
46.1
46.1
46.2
46.2
46.2
46.2
46.2
46.2
46.3
46.3
46.3
46.3
46.2
45.9
45.9
46.1
46.1
46.1
45.8
45.5
45.1
44.6
44.3
44.1
44.2
44.4
44.7
44.9
45.0
45.1
45.3
45.4
45.5
45.7
45.7
45.8
45.8
45.9
46.0
45.9
45.8
45.8
45.7
45.8
45.7
45.7
45.7
45.7
45.7
45.8
