32.2
45.3
45.2
45.4
45.6
45.8
45.9
45.7
45.8
45.9
46.0
46.2
46.3
46.1
46.2
46.4
46.5
46.6
46.5
46.4
46.5
46.5
46.6
46.5
46.2
46.2
46.3
46.4
46.5
46.6
46.5
46.7
47.1
47.1
41.8
33.2
33.5
52.6
52.2
51.8
51.2
50.6
50.2
49.8
49.3
49.0
48.8
48.6
48.4
43.0
43.4
43.9
44.3
44.7
45.0
45.0
45.3
45.5
45.7
45.9
46.0
45.9
46.2
46.3
46.4
46.5
46.5
46.5
46.7
46.8
46.9
47.0
46.6
46.8
46.9
46.9
47.0
46.9
46.8
46.8
46.8
46.8
46.9
46.6
46.6
46.6
46.7
46.9
46.9
46.6
46.6
46.7
46.8
46.9
47.0
46.8
46.9
47.0
47.2
47.3
47.2
47.1
47.0
47.0
47.1
47.0
46.9
46.9
47.0
47.0
47.1
47.2
46.9
46.9
47.0
47.0
47.0
46.8
46.6
46.8
46.9
47.0
47.0
46.9
46.9
46.9
47.0
47.2
47.2
47.1
47.0
47.0
47.1
47.2
47.2
46.9
47.0
47.1
47.2
47.3
47.3
47.0
47.0
47.0
47.0
47.1
47.1
46.9
47.0
47.1
47.2
47.1
46.9
46.9
47.0
47.1
47.2
47.2
47.1
47.2
47.1
47.3
47.4
47.3
47.1
47.1
47.1
47.1
47.1
47.0
46.8
47.0
47.2
47.2
47.2
47.1
47.0
47.1
47.2
47.2
47.2
46.8
46.9
46.9
47.1
47.2
47.2
47.1
47.1
47.3
47.4
47.4
47.3
47.3
47.5
47.5
47.6
47.7
47.4
47.5
47.5
47.5
47.5
47.5
47.3
47.3
47.3
47.3
47.3
47.3
47.1
47.0
47.1
47.2
47.2
46.9
46.9
46.8
46.8
46.9
47.0
46.9
46.9
47.1
47.2
47.4
47.4
47.1
47.2
47.3
47.4
47.5
47.5
47.3
47.3
47.2
47.3
47.4
47.2
47.3
47.4
47.4
47.4
47.4
47.2
47.2
47.2
47.3
47.4
47.4
47.2
47.3
47.4
47.5
47.5
47.5
47.5
47.7
47.8
47.8
47.8
47.4
47.4
47.4
47.5
47.3
47.4
47.1
47.2
47.2
47.3
47.3
47.3
46.9
47.0
47.0
47.2
47.1
46.8
46.9
47.0
47.1
47.2
47.3
46.9
47.0
47.1
47.2
47.2
47.4
47.2
47.3
47.4
47.4
47.5
47.5
47.3
47.4
47.5
47.5
47.5
47.3
47.3
47.3
47.4
47.5
47.6
47.3
47.4
47.4
47.4
47.5
47.5
47.3
47.2
47.3
47.4
47.5
47.5
47.3
47.5
47.7
47.8
47.5
47.4
47.2
47.2
47.3
47.4
47.4
47.1
47.0
46.9
46.9
47.0
47.1
46.9
46.9
46.7
46.8
47.0
46.9
46.9
46.6
46.6
46.7
46.9
46.7
46.8
47.0
47.2
47.3
47.3
47.3
47.5
47.5
47.6
47.7
47.1
47.0
47.1
47.2
47.2
47.4
47.3
47.3
47.4
47.6
47.6
47.7
47.4
47.5
47.6
47.7
47.7
47.7
47.5
47.5
47.5
47.6
47.6
47.5
47.4
47.4
47.5
47.3
47.3
47.2
47.1
47.2
47.3
47.3
47.3
47.2
47.2
47.3
47.3
47.4
47.5
47.3
47.4
47.6
47.6
47.6
47.5
47.3
47.4
47.4
47.5
47.6
47.5
47.4
47.4
47.5
47.4
47.5
47.5
47.5
47.6
47.6
47.6
47.7
47.5
47.5
47.5
47.6
47.6
47.7
47.5
47.5
47.6
47.4
47.2
47.3
47.2
47.3
47.3
47.4
47.4
47.3
47.2
47.2
47.3
47.3
47.5
47.2
47.3
47.3
47.5
47.6
47.6
41.8
47.0
47.1
47.2
47.3
47.3
47.1
47.2
47.2
47.3
47.4
47.3
47.4
47.4
47.6
47.5
47.4
47.2
47.3
47.3
47.4
47.5
47.5
47.3
47.4
47.5
47.4
47.4
