42.2
49.0
49.1
49.1
49.2
49.2
49.3
49.3
49.3
49.4
49.5
49.5
49.6
49.6
49.6
49.6
49.7
49.8
49.9
49.9
49.7
49.5
49.6
49.7
49.7
49.8
49.8
50.0
50.0
50.1
50.1
50.2
50.3
50.3
50.2
50.2
50.1
49.8
42.6
42.8
50.5
50.4
50.3
50.1
50.0
50.1
50.1
50.0
50.1
49.8
49.5
49.1
49.2
49.3
49.4
49.6
49.7
49.8
49.8
49.8
49.9
50.0
50.0
50.1
50.1
50.1
50.1
50.1
50.1
50.1
50.2
50.2
50.2
50.2
50.3
50.4
50.4
50.3
50.3
50.3
50.3
50.3
50.3
50.3
50.2
50.2
50.3
50.5
50.6
50.7
50.7
50.8
50.7
50.7
50.7
50.6
50.7
50.8
50.8
50.9
50.9
50.9
50.9
50.9
50.8
50.8
50.7
50.6
50.6
50.6
50.6
50.7
50.6
50.6
50.6
50.1
49.9
49.9
50.0
50.0
50.2
50.2
50.2
50.3
50.3
50.4
50.5
50.6
50.6
50.6
50.7
50.7
50.8
50.7
50.7
50.5
50.5
50.5
50.6
50.6
50.5
50.6
50.6
50.4
50.5
50.5
50.5
50.6
50.6
50.6
50.5
50.6
50.7
50.7
50.7
50.7
50.6
50.5
50.5
50.5
50.5
50.5
50.5
50.5
50.5
50.5
50.5
50.6
50.7
50.7
50.7
50.7
50.7
50.8
50.8
50.8
50.8
50.9
50.9
51.0
51.0
51.0
51.0
51.0
51.1
51.2
51.1
51.1
51.2
51.2
51.2
51.2
51.2
51.2
51.1
51.1
51.1
51.1
51.1
51.1
51.1
51.0
51.1
51.1
51.2
51.2
51.1
51.1
51.1
51.0
51.0
50.9
50.9
50.8
50.7
50.6
50.6
50.6
50.7
45.3
45.1
50.9
50.8
50.8
50.9
50.8
50.9
51.0
51.0
51.0
51.0
51.0
50.8
50.9
50.7
50.8
50.9
50.9
51.0
50.9
50.9
50.9
51.0
51.0
51.0
51.0
51.0
51.1
51.1
51.1
51.0
51.0
51.0
50.9
50.9
50.9
51.0
50.9
50.9
50.9
50.9
50.9
50.9
50.9
50.8
50.9
51.0
51.0
51.1
51.1
51.2
51.2
51.2
51.3
51.3
51.0
51.1
51.1
51.1
51.2
51.2
51.1
51.1
51.2
51.2
51.2
51.1
51.1
51.1
51.1
51.0
51.0
50.9
51.1
51.3
51.2
51.1
51.1
51.0
51.0
50.9
50.9
50.9
50.9
51.0
51.0
51.0
51.0
50.9
50.9
50.9
45.3
50.9
50.8
50.8
50.8
50.8
