172172 136621 118454 644 42006 252719 42143
167414 138428 116541 585 42677 256287 42198
168939 138828 121373 586 41826 245475 42573
167342 138671 116511 576 41849 278845 42064
168347 142944 120707 628 41842 280753 41901
167787 135371 115453 633 41986 272692 44104
167505 138642 124021 601 41857 268862 42233
165893 134994 115133 629 42201 272085 42202
168103 140529 124855 630 42392 275942 41985
168574 133855 121506 546 41904 266295 41846
166589 137229 116347 556 42118 263682 42327
168056 138183 119882 648 41923 258474 42380
172386 136000 122148 568 42234 261649 42241
171767 137560 118578 622 41941 266478 42434
167640 138400 122726 538 42301 250851 42094
170799 136416 117559 605 41960 295031 43707
165852 138238 127244 600 42289 245009 42054
165614 137410 119954 579 42025 270455 43001
168837 138576 123490 623 42246 266881 42976
166268 134943 118314 599 42259 252436 42210
168346 137306 121352 568 41975 267921 42409
173066 138543 123967 578 42222 286429 41789
167951 136148 121880 576 42010 261545 42463
170208 132998 117806 622 41888 289094 42001
169333 136164 122361 575 41868 278867 42171
168241 137820 120951 602 41971 262728 42294
166517 139821 120728 653 42199 279741 42467
167980 137649 122059 646 41925 252860 42631
168052 138371 123934 672 41896 281517 42329
166953 141057 121145 596 41986 275876 42210
167272 135565 120632 602 41900 274316 42263
166937 136471 114495 552 41946 264061 42186
168728 135937 122968 621 42059 263980 42258
167043 140578 121013 572 42047 252234 42528
165524 134525 121777 612 42307 271774 42201
168300 135921 120990 584 41880 251731 41872
168897 135243 116570 615 41854 267180 41876
166647 135431 122674 563 41952 248617 42033
166500 139996 121617 635 41882 266390 42738
166246 137455 122565 590 41959 256613 42788
166960 140351 121691 580 41963 262430 41863
170357 136937 121702 564 42124 272374 43253
171466 135568 118434 610 43155 252179 42208
166216 137605 123793 607 42281 261441 42676
167336 139834 119408 601 41873 251936 41886
167878 135691 120249 550 42167 246475 42637
170564 133001 119910 585 42303 290809 42174
165594 140169 122134 559 41904 251884 42378
167590 138210 123895 596 41844 246775 43391
165732 134663 115408 633 41914 268888 42480
