174316 121778 52 640 29042 228750 124011
173370 120188 50 584 29017 275836 117871
173009 120205 51 591 29503 257117 121738
174080 121931 47 617 28941 234646 118412
174034 121410 49 633 28177 221375 121158
174552 121792 50 681 28938 215364 125353
173905 121855 50 624 29089 216463 120719
174068 123187 52 639 28893 211737 122130
173479 122614 52 679 28816 208647 121626
174009 121576 50 632 29185 200326 120523
173896 122166 51 592 28982 213535 121616
173998 120090 51 572 29166 214992 125973
174295 123177 51 606 29511 221989 119801
174313 121843 51 513 29088 205440 117061
174033 123391 50 579 29617 206069 122423
174145 120240 51 611 29757 226535 122164
174362 120776 48 507 28983 200538 118111
174349 123409 50 561 28968 216325 119698
174008 122158 50 615 29146 232344 118393
174112 119442 51 630 28996 211764 123486
174315 119468 51 619 28786 209302 119523
173976 119501 48 588 28506 222388 120602
174556 122319 49 518 29019 216752 119419
174642 120418 52 592 28745 211380 121311
174419 119497 52 640 29227 210158 123568
174003 120688 50 583 29579 241738 120285
174866 122044 51 592 28845 215109 121083
174690 121031 51 661 28808 218825 121268
174718 119920 51 597 29356 224811 120626
174171 122302 49 643 28890 214567 121149
174419 121549 49 632 28933 218740 122435
173593 124431 50 572 29192 222935 119799
175107 121009 50 534 28955 204198 119437
174851 122802 51 548 29484 227533 118316
175256 122941 50 567 29122 209650 119720
173596 121814 51 562 28884 219197 118837
174586 120803 50 563 29592 226626 119574
174037 121702 52 559 29112 213684 119842
173717 121245 48 646 28994 211825 118090
175289 123201 51 681 29518 212030 123924
174214 121373 50 624 28776 216413 118776
174475 121537 48 655 29147 223182 119460
174270 118781 49 623 29081 201446 119477
173968 118751 49 654 28839 201820 120700
174127 116946 51 549 28250 202652 119035
173812 121327 50 572 29748 215315 119431
174443 119664 51 745 28237 216908 117838
174033 121909 47 653 29052 216205 118490
173310 119582 51 571 28690 222713 121304
174951 119440 51 638 29245 209462 118660
