151802 85177 85161 589 0 386528 0
151642 85979 85178 639 0 395394 0
150215 85664 85227 591 0 382455 0
151809 87202 85363 591 0 350920 0
152065 84433 85380 745 0 371683 0
152601 86515 85166 684 0 394264 0
152491 86611 85327 677 0 354567 0
152388 86172 85313 570 0 344570 0
150747 86049 85444 638 0 382351 0
153259 86247 85333 601 0 366628 0
150692 84870 85164 593 0 348034 0
149871 86418 85249 601 0 344720 0
152553 86381 85098 633 0 345546 0
152175 89208 85224 604 0 350479 0
150343 87431 85284 737 0 361815 0
153046 84817 85596 615 0 372419 0
153445 87903 85207 610 0 357687 0
152120 86938 85486 568 0 344639 0
151206 85133 85334 640 0 387253 0
150863 89182 85480 644 0 361101 0
151891 85986 85182 592 0 377045 0
151393 86663 85500 570 0 396495 0
152726 86093 85310 690 0 362192 0
150639 85612 85255 644 0 358204 0
151164 84400 85407 625 0 394893 0
151287 87942 85332 591 0 379878 0
151974 85909 85274 699 0 357295 0
150318 87324 85251 668 0 359881 0
151396 87127 85309 621 0 373807 0
150194 87919 85178 614 0 349065 0
152956 87354 85174 643 0 394490 0
150953 88259 85176 603 0 382893 0
150728 85613 85199 622 0 371642 0
152265 86030 84994 631 0 392289 0
151267 88012 85331 587 0 370492 0
152631 87583 85404 600 0 390020 0
151730 85504 85513 627 0 355127 0
151690 84975 85463 584 0 351916 0
152241 86584 85285 599 0 371121 0
152590 85378 85304 688 0 391030 0
151399 89283 85177 631 0 339385 0
150111 86851 85200 676 0 366982 0
152817 86129 85453 642 0 358125 0
151024 85812 85518 554 0 330904 0
151798 90046 85165 628 0 347677 0
151371 86566 85754 606 0 344021 0
149375 85999 85344 597 0 390974 0
151117 85852 85137 608 0 366928 0
151552 84924 85244 625 0 383140 0
151815 88477 85338 658 0 379990 0
