25.9
26.0
26.1
26.2
26.2
26.3
26.3
26.5
26.6
26.6
26.5
26.5
26.5
26.5
26.5
26.5
26.5
26.5
26.5
26.5
26.6
26.6
26.7
26.7
26.6
26.6
26.5
26.5
26.5
26.4
26.4
26.4
26.4
26.4
26.3
26.3
26.3
26.3
26.4
26.4
26.4
26.4
26.5
26.5
26.5
26.5
26.4
26.4
26.4
26.4
26.4
26.4
26.4
26.4
26.3
26.3
26.3
26.4
26.5
26.7
26.8
26.7
26.6
26.6
26.9
26.8
26.7
26.7
26.7
26.6
26.6
26.6
26.5
26.5
26.5
26.5
26.4
26.4
26.4
26.4
26.4
26.3
26.4
26.3
26.3
26.3
26.3
26.4
26.3
26.4
26.4
26.6
26.5
26.6
26.6
26.6
26.5
26.6
26.6
26.5
26.5
26.5
26.6
26.6
26.5
26.5
26.5
26.4
26.4
26.5
26.4
26.4
26.4
26.4
26.3
26.3
26.3
26.4
26.3
26.3
26.3
26.3
26.3
26.2
26.2
26.2
26.2
26.2
26.2
26.3
26.3
26.3
26.3
26.2
26.2
26.2
26.3
26.3
26.3
26.3
26.3
26.3
26.3
26.3
26.3
26.3
26.3
26.3
26.3
26.3
26.3
26.3
26.3
26.3
32.2
26.6
26.6
26.5
26.5
26.4
26.4
26.4
26.4
26.4
26.4
26.5
26.5
26.4
26.4
26.3
26.3
26.3
26.3
26.3
26.3
26.2
26.2
26.2
26.3
26.4
26.6
26.5
26.5
26.5
26.5
26.7
26.7
26.9
26.9
26.8
26.7
26.8
26.7
26.8
26.8
26.7
26.7
26.8
26.7
26.7
38.8
26.4
26.4
26.4
26.4
26.4
31.8
26.2
26.2
26.2
26.2
26.2
26.1
26.1
26.2
26.2
26.3
26.3
26.3
26.3
26.3
26.3
26.3
26.2
26.2
26.2
26.2
26.2
26.2
26.2
26.2
26.2
26.2
26.2
26.2
26.2
26.2
26.2
26.2
26.2
26.2
26.3
26.2
26.2
26.3
26.2
26.2
26.2
26.2
26.5
26.4
26.4
26.4
26.4
26.3
26.3
26.3
26.3
26.3
26.2
26.2
26.2
26.3
26.3
26.4
26.3
26.3
26.3
26.3
26.2
26.2
26.2
26.4
26.4
26.3
26.3
26.3
26.4
26.3
26.3
26.3
26.3
26.2
26.3
26.2
26.2
26.3
26.3
26.3
26.3
26.2
26.2
26.2
33.0
26.4
26.3
26.3
26.3
26.2
26.3
26.2
26.2
26.3
26.2
26.2
26.2
26.2
26.2
26.1
26.2
26.2
26.2
26.3
26.2
26.2
26.2
26.2
26.2
26.2
26.2
26.2
26.2
26.2
26.2
26.2
26.3
26.3
26.3
26.3
26.3
26.2
26.2
26.2
26.2
26.2
26.2
26.3
26.4
26.4
26.3
26.3
26.3
26.3
26.3
26.3
26.3
26.3
26.3
26.3
26.3
26.3
26.2
26.2
26.2
26.2
26.2
26.2
26.2
26.2
26.2
26.2
26.1
26.1
26.2
26.1
26.2
26.2
26.1
26.1
26.1
26.2
26.2
26.1
26.1
26.2
26.2
26.2
26.2
26.2
26.2
26.2
26.2
26.3
26.2
26.3
26.2
26.3
26.3
26.2
26.2
26.3
26.3
26.3
26.2
26.2
26.2
26.3
26.3
26.3
26.2
26.2
26.2
26.3
26.2
26.2
26.2
26.3
26.2
26.3
26.2
26.2
26.2
26.2
26.3
26.2
26.2
26.2
26.2
26.2
26.2
26.2
26.2
26.2
26.2
26.2
26.2
26.1
26.1
26.2
26.2
26.2
26.2
26.2
26.3
26.3
26.3
26.2
26.2
26.2
26.3
26.3
26.3
26.2
26.2
26.3
26.3
26.2
26.2
26.4
26.4
26.4
26.4
26.3
26.3
26.2
26.3
26.3
26.3
26.3
26.3
26.2
26.2
26.2
26.2
26.2
26.2
26.2
26.2
26.2
26.2
26.2
26.2
26.3
26.2
26.2
26.3
26.2
26.2
26.2
26.3
26.2
26.2
26.3
26.3
26.3
26.5
26.6
26.5
26.5
26.5
26.4
26.4
26.4
26.4
26.4
26.3
26.3
26.3
26.3
26.3
26.3
26.3
26.6
26.6
26.9
26.8
26.7
26.6
26.6
26.6
26.6
26.5
26.5
26.5
26.5
26.4
26.5
26.4
26.4
26.4
26.4
26.4
26.4
26.3
26.3
26.4
26.4
26.3
26.3
26.3
26.3
26.3
26.3
26.3
26.3
26.3
26.3
26.3
26.2
26.3
26.3
26.3
26.3
26.2
26.2
26.2
26.2
26.2
26.2
26.2
26.2
26.2
26.2
26.2
26.2
26.2
26.3
26.3
26.3
26.2
26.2
26.3
26.2
26.2
26.2
26.3
26.3
26.2
26.3
26.2
26.2
26.2
26.2
26.2
26.2
26.2
26.2
26.2
26.2
26.2
26.2
26.2
26.2
26.2
26.3
26.2
26.2
26.3
26.3
26.3
26.3
26.2
26.2
26.2
26.2
26.2
26.2
26.2
26.2
26.2
26.3
26.3
26.2
26.2
26.2
26.2
26.2
26.3
26.4
26.4
26.4
26.3
26.3
26.2
26.3
26.2
26.2
26.2
26.2
26.2
26.2
26.2
26.2
26.2
26.2
26.2
26.2
26.2
26.2
26.2
26.3
26.3
26.2
26.2
26.2
26.2
26.3
26.3
26.5
26.5
26.5
26.4
26.5
26.4
26.4
26.3
26.4
26.3
26.3
26.3
26.2
26.2
26.2
26.2
26.2
26.2
26.2
26.2
26.2
26.2
26.2
26.1
26.1
26.2
26.2
26.1
26.1
26.2
49.0
49.0
28.7
28.5
28.2
28.0
27.8
27.6
27.4
27.2
27.3
27.3
27.2
27.0
26.9
26.8
26.8
26.7
26.6
26.6
26.5
26.5
26.5
26.4
26.4
26.4
26.4
26.4
26.4
26.3
26.4
26.4
26.4
26.3
26.3
26.3
26.3
26.4
26.4
26.4
26.4
26.4
26.4
26.4
26.4
26.3
26.4
26.4
26.3
26.3
26.2
26.2
26.2
26.2
26.2
26.1
26.1
26.1
26.2
26.2
26.1
26.2
26.2
26.2
26.2
26.2
26.2
26.2
26.2
26.2
26.2
26.2
26.2
26.2
26.3
26.2
26.1
26.2
26.2
26.2
26.2
26.1
26.2
26.2
26.2
26.2
26.2
26.2
26.3
26.2
26.3
26.2
26.2
26.2
26.2
26.2
26.2
26.1
26.1
26.1
26.1
26.1
26.1
26.1
26.1
26.1
26.1
26.1
26.1
26.2
26.2
26.2
26.5
26.5
26.4
26.4
26.4
26.6
26.6
26.5
26.5
26.5
26.5
26.4
26.4
26.4
26.4
26.3
26.4
26.3
26.3
26.3
26.3
26.3
26.2
26.3
26.2
26.2
26.3
26.3
26.2
26.2
26.2
26.2
26.2
26.1
26.2
26.2
26.2
26.2
26.2
26.2
26.2
