26.9
46.8
37.8
38.1
45.1
45.1
45.0
45.1
45.1
45.1
45.1
45.1
45.2
45.2
45.2
40.1
40.1
40.1
40.0
40.4
39.9
40.3
40.7
41.2
41.6
41.8
41.7
34.1
41.1
41.6
42.1
42.5
42.8
43.2
43.4
43.7
43.9
44.1
44.2
44.5
44.9
45.0
45.0
45.1
45.1
45.2
45.2
45.3
45.3
45.4
45.4
45.4
45.4
45.4
45.3
38.4
38.5
38.9
39.1
39.6
40.1
40.5
40.6
34.1
34.1
44.9
45.0
45.1
45.0
44.9
44.9
44.6
38.4
39.0
46.1
46.0
45.9
45.8
45.8
45.7
45.7
45.7
45.7
45.8
45.8
45.8
45.8
45.9
45.8
45.7
45.4
45.2
45.2
45.0
44.7
44.4
44.4
44.3
44.1
43.8
43.7
43.5
43.4
43.5
43.7
44.0
44.1
44.3
44.4
44.5
44.6
44.7
44.8
44.8
39.7
40.0
40.2
40.5
40.7
40.4
40.0
39.8
40.4
40.9
40.4
40.1
40.5
41.1
41.6
42.0
42.3
42.5
42.6
43.0
43.4
43.7
43.9
44.2
44.5
44.7
44.8
44.9
44.8
44.9
45.0
45.2
45.2
45.3
45.3
45.3
45.4
45.4
45.5
45.6
45.6
45.6
45.6
45.6
45.6
38.4
38.6
38.7
45.9
45.9
45.8
45.7
45.7
45.7
45.8
45.8
45.8
45.8
45.8
45.3
45.0
45.2
45.3
45.3
45.5
45.6
45.6
45.5
45.6
45.6
45.6
40.1
39.9
39.5
39.9
40.3
45.9
45.8
45.8
45.9
45.9
46.0
46.0
46.0
45.9
45.8
45.3
45.3
45.2
45.2
45.2
45.2
45.1
45.1
44.5
38.4
38.4
38.3
38.5
38.6
38.6
38.5
38.8
38.6
38.5
38.7
38.3
38.2
37.8
37.7
38.0
45.5
45.0
45.1
39.5
39.6
39.5
39.5
39.5
39.5
39.8
39.6
39.1
38.7
44.9
44.3
43.7
43.8
43.8
43.5
43.0
42.9
42.9
42.8
34.7
40.5
45.7
45.7
45.5
45.4
45.5
45.5
45.4
45.5
45.4
39.5
45.5
45.5
45.5
45.1
44.9
45.1
45.2
45.2
45.3
45.3
45.4
45.4
45.5
45.6
45.6
45.6
45.6
45.7
45.8
45.7
45.7
45.3
45.1
44.9
44.3
44.2
43.9
37.4
38.0
38.1
38.2
44.3
44.5
44.6
44.8
45.0
45.0
44.9
44.9
