28.4
28.2
28.1
28.3
28.8
29.0
28.8
28.5
28.3
28.2
28.1
28.7
35.3
34.8
34.5
27.0
27.0
26.9
26.9
27.2
33.6
33.7
34.0
33.9
33.9
34.0
27.2
27.2
27.1
27.1
27.1
27.5
33.0
33.1
33.4
27.4
27.2
27.2
27.2
27.3
27.6
37.8
37.5
32.0
32.0
31.9
32.2
32.5
32.4
32.3
32.3
32.2
32.1
32.1
32.2
32.7
33.0
33.1
33.2
33.1
33.1
32.8
32.6
32.6
32.7
32.8
33.0
33.1
33.3
33.2
39.3
39.0
38.6
32.6
32.4
32.5
33.1
33.3
33.3
33.6
40.5
34.9
34.4
34.2
33.7
26.6
26.6
26.5
26.5
26.6
26.6
26.6
26.5
26.5
26.7
26.7
26.7
26.6
26.6
27.1
36.6
36.6
36.8
36.3
28.2
28.0
27.7
27.6
