35.1
40.7
41.2
41.6
42.1
42.5
42.8
43.1
42.8
37.0
37.4
37.7
37.8
38.1
38.3
38.8
44.9
44.9
44.7
44.6
44.7
44.7
44.3
44.5
44.5
44.5
44.6
44.7
44.8
44.8
44.8
44.8
44.9
45.0
44.9
44.9
44.6
44.7
44.7
44.7
44.7
44.8
44.8
44.8
44.8
44.8
44.9
44.9
44.9
44.8
44.8
44.8
44.9
44.5
44.5
44.6
44.7
44.8
44.9
44.6
44.1
43.8
43.3
42.8
43.1
43.3
43.0
43.1
43.4
43.6
43.2
42.7
42.4
42.1
41.5
41.7
42.0
42.2
42.2
42.2
41.8
41.9
42.3
42.7
43.0
42.9
33.0
32.9
33.1
33.2
38.6
45.3
45.2
45.2
45.3
45.2
45.2
45.2
45.2
45.2
45.2
45.3
45.2
44.9
37.0
36.8
36.8
36.7
36.1
35.8
35.5
35.6
43.0
43.3
43.4
42.9
42.6
42.3
42.3
42.0
41.8
41.6
42.0
42.4
42.7
43.0
43.3
43.6
43.8
44.1
44.3
44.4
44.6
44.7
44.9
45.0
45.0
44.4
37.4
37.4
37.3
37.2
37.3
37.4
37.7
37.5
37.4
44.7
44.6
38.4
38.0
37.7
37.8
44.5
44.6
44.5
38.2
45.1
45.1
45.2
45.2
45.2
45.2
45.3
45.2
40.1
40.2
39.9
39.3
38.9
38.5
38.0
37.9
37.8
37.8
37.8
37.5
37.7
37.8
37.6
37.3
37.0
37.1
36.9
36.6
37.1
44.9
44.9
45.0
44.9
45.0
45.0
45.0
45.0
45.1
45.1
45.2
45.2
45.2
45.3
44.8
44.8
44.9
45.0
45.0
44.8
44.8
44.2
37.2
42.6
42.7
42.6
42.9
43.2
43.5
43.7
43.9
44.1
44.3
44.4
44.6
44.7
44.7
44.8
44.9
45.0
45.1
45.2
45.2
45.2
45.3
45.3
45.4
45.4
45.4
45.4
45.4
45.5
45.5
45.5
45.5
45.5
45.6
45.6
45.6
45.6
45.7
45.7
45.7
45.6
45.6
45.7
45.6
45.7
45.6
45.7
45.7
45.7
45.7
45.2
44.9
44.4
44.1
43.6
38.2
44.9
44.9
45.0
45.0
45.0
45.0
44.9
45.0
45.0
45.1
45.2
45.2
45.3
45.4
45.4
45.5
45.5
45.5
45.6
45.6
45.6
45.2
44.6
44.5
44.7
44.8
44.9
45.0
45.2
45.2
45.3
45.4
45.3
45.4
45.5
45.6
45.5
45.6
37.8
