28.8
28.5
35.1
35.1
35.4
35.7
36.2
30.5
30.6
30.5
30.5
30.8
31.0
31.7
40.7
40.5
33.4
32.8
32.4
32.1
32.0
31.4
25.3
25.3
25.3
25.3
25.3
25.3
25.4
25.3
25.4
25.4
36.1
25.7
25.7
25.6
25.8
26.2
26.4
26.6
26.6
26.6
26.6
26.5
26.6
26.7
26.6
26.6
26.6
26.6
26.6
26.6
26.9
26.9
27.1
27.0
27.0
26.9
26.9
26.8
26.9
26.8
26.9
26.9
27.0
26.9
26.9
26.8
26.8
26.8
26.7
26.7
26.7
26.6
26.6
26.7
26.7
26.7
26.7
26.7
26.6
26.6
26.6
26.6
26.6
26.6
26.5
26.6
26.5
26.6
26.6
26.6
26.6
26.6
26.5
26.5
26.5
26.5
26.5
26.5
26.4
26.4
26.5
26.5
26.5
26.6
26.5
26.6
26.5
26.6
26.5
26.8
26.7
26.7
26.6
26.6
26.6
26.5
26.6
26.5
26.5
26.5
26.5
26.5
26.5
26.5
26.5
26.5
26.4
26.5
26.5
26.5
26.5
26.5
26.5
26.5
26.5
26.5
26.4
26.4
26.5
26.5
26.6
26.5
26.5
26.7
26.9
26.8
26.8
26.8
26.8
26.8
26.7
26.7
26.7
26.6
26.6
26.6
26.5
26.5
26.5
26.5
26.5
26.5
26.5
26.5
26.5
26.5
26.5
26.4
26.4
26.5
26.5
26.5
26.5
26.5
26.5
26.5
26.5
26.5
26.5
26.5
26.5
26.5
26.5
26.4
26.4
26.4
26.4
26.4
26.4
26.4
26.4
26.4
26.4
26.4
26.5
26.4
26.4
26.4
26.4
26.4
26.4
26.4
26.5
26.4
26.4
26.5
26.4
26.5
26.5
26.5
26.4
26.5
26.5
26.5
26.5
26.5
26.5
26.5
26.4
26.4
31.6
31.0
30.4
30.0
29.5
29.1
28.8
28.5
28.2
28.0
27.8
27.6
27.5
27.3
27.2
27.1
27.0
27.0
26.9
26.9
26.8
26.7
26.7
26.7
26.7
26.7
26.6
26.5
26.5
26.5
26.5
26.5
26.4
26.4
26.5
26.5
26.5
26.5
26.5
26.4
26.7
26.7
26.6
26.7
26.6
26.6
34.9
26.2
26.3
26.2
26.3
26.3
26.7
26.6
26.6
26.6
26.6
26.5
26.5
26.4
26.5
26.4
26.4
26.4
26.4
26.4
26.4
26.3
26.3
26.3
26.3
26.3
26.3
26.3
26.3
26.3
26.3
26.3
26.3
26.3
26.3
26.4
26.4
26.3
26.3
26.4
26.4
26.4
26.3
26.3
34.1
26.4
26.4
26.3
26.3
26.4
31.6
30.9
30.3
29.8
29.4
29.0
28.7
28.4
28.1
27.9
27.6
27.5
27.3
27.2
27.1
27.0
26.9
26.8
26.8
26.7
26.7
26.6
26.6
26.6
26.5
26.5
26.5
26.5
26.5
26.5
26.4
26.4
26.4
26.4
26.6
26.7
26.7
26.6
26.6
26.5
26.5
26.5
26.5
26.5
26.5
26.5
26.5
26.4
26.4
26.4
26.5
26.5
26.5
26.5
26.5
26.5
26.4
26.4
26.4
26.4
26.5
26.4
26.4
26.4
26.5
26.6
26.6
26.5
26.5
26.5
26.5
26.5
26.4
26.4
26.5
26.5
26.4
26.4
26.4
26.4
26.4
26.7
26.9
26.9
26.8
26.8
26.7
26.8
26.8
26.7
26.7
26.7
26.6
26.5
26.5
26.5
26.5
26.4
26.4
26.5
26.5
26.5
26.4
26.4
26.4
26.3
26.3
26.4
26.3
26.3
26.3
26.4
26.3
26.3
26.4
26.3
26.4
26.4
26.4
26.3
26.3
26.3
26.3
26.3
26.3
26.3
26.3
26.3
26.3
26.3
26.3
26.4
26.4
26.3
26.3
26.4
26.4
26.3
26.3
26.3
26.3
26.3
26.3
26.3
26.3
26.3
26.3
26.4
26.4
26.5
26.5
26.4
26.4
26.4
26.4
26.3
26.4
26.4
26.4
26.3
26.3
26.3
26.3
26.3
26.3
26.3
26.3
26.3
26.3
26.3
26.3
26.3
26.3
26.3
26.3
26.3
26.3
26.3
26.3
26.3
26.3
26.3
26.2
26.3
26.3
26.3
26.3
26.3
26.3
26.3
26.3
26.3
26.3
26.2
26.3
26.3
26.3
26.3
26.3
26.3
26.2
26.2
26.2
26.2
26.2
26.3
26.2
26.3
26.2
26.2
26.3
26.3
26.3
26.3
26.3
26.3
26.3
26.3
26.2
26.2
26.3
26.3
26.2
26.2
26.2
26.2
26.2
26.2
26.2
26.2
26.2
26.2
26.2
26.2
26.2
26.2
26.3
26.2
26.3
26.2
26.2
26.3
26.3
26.4
26.4
26.4
26.4
26.4
26.3
26.4
26.3
26.4
26.3
26.3
26.3
26.3
26.3
26.3
26.4
26.4
26.3
26.3
26.3
26.3
26.3
26.3
26.3
26.3
26.3
26.3
26.3
26.3
26.3
26.3
26.3
26.3
26.3
26.3
26.3
26.3
26.3
26.3
26.3
26.2
26.3
26.3
26.2
26.3
26.3
26.3
26.2
26.3
26.2
26.2
26.3
26.2
26.2
26.2
26.2
26.3
26.2
26.3
26.4
26.4
26.4
26.4
26.3
26.3
26.3
26.3
26.3
26.3
26.3
26.3
26.4
26.4
26.4
26.3
26.3
26.3
26.3
26.3
26.2
26.3
26.3
26.3
26.3
26.3
26.3
26.3
26.3
26.3
26.3
26.2
26.4
26.5
26.5
26.4
26.4
26.4
26.4
26.3
26.4
26.3
26.3
26.3
26.3
26.3
26.3
26.3
26.3
26.4
26.4
26.3
26.3
26.3
26.3
26.3
26.3
26.3
26.2
26.2
26.2
26.3
26.3
26.3
26.4
26.3
26.3
26.3
26.3
26.3
26.3
26.2
26.3
26.3
26.4
26.4
26.4
26.4
26.4
26.4
26.4
26.4
26.3
26.3
26.2
26.3
26.3
26.3
26.3
26.2
26.2
26.2
26.2
26.3
26.3
26.3
26.3
26.3
26.3
26.3
26.2
26.3
26.3
26.3
26.4
26.4
26.4
26.3
26.3
26.3
26.3
26.3
26.3
26.3
26.3
26.3
26.3
26.3
26.3
26.3
26.6
26.6
26.5
26.5
26.4
26.4
26.4
26.4
26.4
26.4
26.4
26.4
26.4
26.3
26.3
26.3
26.3
26.3
26.3
26.2
26.3
26.3
26.3
26.3
26.3
26.3
26.3
26.3
26.3
26.4
26.3
26.3
26.4
26.4
26.4
26.3
26.3
26.3
26.3
26.3
26.3
26.3
26.3
26.3
26.3
26.3
26.2
26.3
26.3
26.3
26.3
26.2
26.2
26.3
26.3
26.3
26.3
26.3
26.3
26.3
26.3
26.3
26.2
26.3
26.3
26.3
26.2
26.3
26.3
26.3
26.3
26.3
26.3
26.2
26.2
26.3
26.3
26.2
26.2
26.3
26.3
26.3
26.3
26.3
26.3
26.3
26.3
26.3
26.2
26.2
26.2
26.2
26.2
26.2
26.2
26.3
26.3
26.2
26.2
26.3
26.3
26.3
26.3
26.2
26.2
26.2
26.2
26.3
26.2
26.2
26.2
26.2
26.2
26.2
26.2
26.2
26.2
26.2
26.2
26.2
26.3
26.2
26.3
26.2
26.2
26.2
26.2
26.3
26.3
26.3
26.3
26.4
26.4
26.3
26.3
26.3
26.3
26.3
26.3
26.2
26.2
26.3
26.2
26.2
